# time  created  delivered  delivered/created
3601.0000 1 0 0.0000
3602.0000 2 0 0.0000
3602.0000 2 1 0.5000
3603.0000 3 1 0.3333
3604.0000 4 1 0.2500
3605.0000 5 1 0.2000
3605.0000 5 2 0.4000
3606.0000 6 2 0.3333
3606.0000 6 3 0.5000
3607.0000 7 3 0.4286
3608.0000 8 3 0.3750
3608.0000 8 4 0.5000
3609.0000 9 4 0.4444
3609.0000 9 5 0.5556
3610.0000 10 5 0.5000
3610.0000 10 6 0.6000
3611.0000 11 6 0.5455
3611.0000 11 7 0.6364
3612.0000 12 7 0.5833
3612.0000 12 8 0.6667
3613.0000 13 8 0.6154
3613.0000 13 9 0.6923
3614.0000 14 9 0.6429
3615.0000 15 9 0.6000
3616.0000 16 9 0.5625
3616.0000 16 10 0.6250
3617.0000 17 10 0.5882
3618.0000 18 10 0.5556
3619.0000 19 10 0.5263
3620.0000 20 10 0.5000
3621.0000 21 10 0.4762
3622.0000 22 10 0.4545
3623.0000 23 10 0.4348
3623.0000 23 11 0.4783
3624.0000 24 11 0.4583
3624.0000 24 12 0.5000
3625.0000 25 12 0.4800
3626.0000 26 12 0.4615
3626.0000 26 13 0.5000
3627.0000 27 13 0.4815
3627.0000 27 14 0.5185
3628.0000 28 14 0.5000
3628.0000 28 15 0.5357
3629.0000 29 15 0.5172
3629.0000 29 16 0.5517
3630.0000 30 16 0.5333
3631.0000 31 16 0.5161
3631.0000 31 17 0.5484
3632.0000 32 17 0.5313
3633.0000 33 17 0.5152
3634.0000 34 17 0.5000
3635.0000 35 17 0.4857
3636.0000 36 17 0.4722
3637.0000 37 17 0.4595
3637.0000 37 18 0.4865
3638.0000 38 18 0.4737
3638.0000 38 19 0.5000
3639.0000 39 19 0.4872
3639.0000 39 20 0.5128
3640.0000 40 20 0.5000
3641.0000 41 20 0.4878
3642.0000 42 20 0.4762
3642.0000 42 21 0.5000
3643.0000 43 21 0.4884
3643.0000 43 22 0.5116
3644.0000 44 22 0.5000
3645.0000 45 22 0.4889
3646.0000 46 22 0.4783
3647.0000 47 22 0.4681
3647.0000 47 23 0.4894
3648.0000 48 23 0.4792
3649.0000 49 23 0.4694
3649.0000 49 24 0.4898
3650.0000 50 24 0.4800
3650.0000 50 25 0.5000
3651.0000 51 25 0.4902
3651.0000 51 26 0.5098
3652.0000 52 26 0.5000
3653.0000 53 26 0.4906
3654.0000 54 26 0.4815
3654.0000 54 27 0.5000
3655.0000 55 27 0.4909
3655.0000 55 28 0.5091
3656.0000 56 28 0.5000
3657.0000 57 28 0.4912
3657.0000 57 29 0.5088
3658.0000 58 29 0.5000
3658.0000 58 30 0.5172
3659.0000 59 30 0.5085
3659.0000 59 31 0.5254
3660.0000 60 31 0.5167
3660.0000 60 32 0.5333
3661.0000 61 32 0.5246
3661.0000 61 33 0.5410
3662.0000 62 33 0.5323
3662.0000 62 34 0.5484
3663.0000 63 34 0.5397
3663.0000 63 35 0.5556
3664.0000 64 35 0.5469
3664.0000 64 36 0.5625
3665.0000 65 36 0.5538
3666.0000 66 36 0.5455
3667.0000 67 36 0.5373
3668.0000 68 36 0.5294
3669.0000 69 36 0.5217
3669.0000 69 37 0.5362
3670.0000 70 37 0.5286
3671.0000 71 37 0.5211
3671.0000 71 38 0.5352
3672.0000 72 38 0.5278
3672.0000 72 39 0.5417
3673.0000 73 39 0.5342
3674.0000 74 39 0.5270
3674.0000 74 40 0.5405
3675.0000 75 40 0.5333
3675.0000 75 41 0.5467
3676.0000 76 41 0.5395
3677.0000 77 41 0.5325
3677.0000 77 42 0.5455
3678.0000 78 42 0.5385
3679.0000 79 42 0.5316
3679.0000 79 43 0.5443
3680.0000 80 43 0.5375
3680.0000 80 44 0.5500
3680.0000 80 45 0.5625
3681.0000 81 45 0.5556
3681.0000 81 46 0.5679
3682.0000 82 46 0.5610
3682.0000 82 47 0.5732
3683.0000 83 47 0.5663
3684.0000 84 47 0.5595
3684.0000 84 48 0.5714
3685.0000 85 48 0.5647
3686.0000 86 48 0.5581
3686.0000 86 49 0.5698
3687.0000 87 49 0.5632
3687.0000 87 50 0.5747
3688.0000 88 50 0.5682
3688.0000 88 51 0.5795
3689.0000 89 51 0.5730
3690.0000 90 51 0.5667
3691.0000 91 51 0.5604
3691.0000 91 52 0.5714
3692.0000 92 52 0.5652
3692.0000 92 53 0.5761
3693.0000 93 53 0.5699
3694.0000 94 53 0.5638
3695.0000 95 53 0.5579
3696.0000 96 53 0.5521
3697.0000 97 53 0.5464
3698.0000 98 53 0.5408
3698.0000 98 54 0.5510
3699.0000 99 54 0.5455
3699.0000 99 55 0.5556
3700.0000 100 55 0.5500
3700.0000 100 56 0.5600
3701.0000 101 56 0.5545
3701.0000 101 57 0.5644
3702.0000 102 57 0.5588
3702.0000 102 58 0.5686
3703.0000 103 58 0.5631
3703.0000 103 59 0.5728
3704.0000 104 59 0.5673
3704.0000 104 60 0.5769
3705.0000 105 60 0.5714
3705.0000 105 61 0.5810
3706.0000 106 61 0.5755
3706.0000 106 62 0.5849
3707.0000 107 62 0.5794
3707.0000 107 63 0.5888
3708.0000 108 63 0.5833
3708.0000 108 64 0.5926
3709.0000 109 64 0.5872
3710.0000 110 64 0.5818
3711.0000 111 64 0.5766
3711.0000 111 65 0.5856
3712.0000 112 65 0.5804
3712.0000 112 66 0.5893
3713.0000 113 66 0.5841
3713.0000 113 67 0.5929
3714.0000 114 67 0.5877
3714.0000 114 68 0.5965
3715.0000 115 68 0.5913
3715.0000 115 69 0.6000
3716.0000 116 69 0.5948
3716.0000 116 70 0.6034
3717.0000 117 70 0.5983
3717.0000 117 71 0.6068
3718.0000 118 71 0.6017
3718.0000 118 72 0.6102
3719.0000 119 72 0.6050
3719.0000 119 73 0.6134
3720.0000 120 73 0.6083
3720.0000 120 74 0.6167
3721.0000 121 74 0.6116
3721.0000 121 75 0.6198
3722.0000 122 75 0.6148
3722.0000 122 76 0.6230
3723.0000 123 76 0.6179
3724.0000 124 76 0.6129
3724.0000 124 77 0.6210
3725.0000 125 77 0.6160
3726.0000 126 77 0.6111
3726.0000 126 78 0.6190
3727.0000 127 78 0.6142
3727.0000 127 79 0.6220
3728.0000 128 79 0.6172
3728.0000 128 80 0.6250
3729.0000 129 80 0.6202
3729.0000 129 81 0.6279
3730.0000 130 81 0.6231
3731.0000 131 81 0.6183
3732.0000 132 81 0.6136
3733.0000 133 81 0.6090
3734.0000 134 81 0.6045
3734.0000 134 82 0.6119
3735.0000 135 82 0.6074
3735.0000 135 83 0.6148
3736.0000 136 83 0.6103
3736.0000 136 84 0.6176
3737.0000 137 84 0.6131
3737.0000 137 85 0.6204
3738.0000 138 85 0.6159
3738.0000 138 86 0.6232
3739.0000 139 86 0.6187
3740.0000 140 86 0.6143
3741.0000 141 86 0.6099
3742.0000 142 86 0.6056
3742.0000 142 87 0.6127
3743.0000 143 87 0.6084
3743.0000 143 88 0.6154
3744.0000 144 88 0.6111
3744.0000 144 89 0.6181
3745.0000 145 89 0.6138
3745.0000 145 90 0.6207
3746.0000 146 90 0.6164
3746.0000 146 91 0.6233
3747.0000 147 91 0.6190
3747.0000 147 92 0.6259
3748.0000 148 92 0.6216
3748.0000 148 93 0.6284
3749.0000 149 93 0.6242
3749.0000 149 94 0.6309
3750.0000 150 94 0.6267
3750.0000 150 95 0.6333
3751.0000 151 95 0.6291
3752.0000 152 95 0.6250
3752.0000 152 96 0.6316
3753.0000 153 96 0.6275
3753.0000 153 97 0.6340
3754.0000 154 97 0.6299
3755.0000 155 97 0.6258
3756.0000 156 97 0.6218
3757.0000 157 97 0.6178
3758.0000 158 97 0.6139
3759.0000 159 97 0.6101
3760.0000 160 97 0.6063
3760.0000 160 98 0.6125
3761.0000 161 98 0.6087
3761.0000 161 99 0.6149
3762.0000 162 99 0.6111
3762.0000 162 100 0.6173
3763.0000 163 100 0.6135
3763.0000 163 101 0.6196
3764.0000 164 101 0.6159
3764.0000 164 102 0.6220
3765.0000 165 102 0.6182
3765.0000 165 103 0.6242
3766.0000 166 103 0.6205
3766.0000 166 104 0.6265
3767.0000 167 104 0.6228
3767.0000 167 105 0.6287
3768.0000 168 105 0.6250
3768.0000 168 106 0.6310
3769.0000 169 106 0.6272
3769.0000 169 107 0.6331
3770.0000 170 107 0.6294
3770.0000 170 108 0.6353
3771.0000 171 108 0.6316
3771.0000 171 109 0.6374
3772.0000 172 109 0.6337
3772.0000 172 110 0.6395
3773.0000 173 110 0.6358
3774.0000 174 110 0.6322
3775.0000 175 110 0.6286
3776.0000 176 110 0.6250
3776.0000 176 111 0.6307
3777.0000 177 111 0.6271
3778.0000 178 111 0.6236
3779.0000 179 111 0.6201
3780.0000 180 111 0.6167
3780.0000 180 112 0.6222
3781.0000 181 112 0.6188
3782.0000 182 112 0.6154
3783.0000 183 112 0.6120
3783.0000 183 113 0.6175
3784.0000 184 113 0.6141
3784.0000 184 114 0.6196
3785.0000 185 114 0.6162
3785.0000 185 115 0.6216
3786.0000 186 115 0.6183
3786.0000 186 116 0.6237
3787.0000 187 116 0.6203
3787.0000 187 117 0.6257
3788.0000 188 117 0.6223
3788.0000 188 118 0.6277
3789.0000 189 118 0.6243
3789.0000 189 119 0.6296
3790.0000 190 119 0.6263
3791.0000 191 119 0.6230
3791.0000 191 120 0.6283
3792.0000 192 120 0.6250
3793.0000 193 120 0.6218
3794.0000 194 120 0.6186
3795.0000 195 120 0.6154
3796.0000 196 120 0.6122
3797.0000 197 120 0.6091
3798.0000 198 120 0.6061
3799.0000 199 120 0.6030
3800.0000 200 120 0.6000
3801.0000 201 120 0.5970
3802.0000 202 120 0.5941
3802.0000 202 121 0.5990
3803.0000 203 121 0.5961
3803.0000 203 122 0.6010
3804.0000 204 122 0.5980
3805.0000 205 122 0.5951
3805.0000 205 123 0.6000
3806.0000 206 123 0.5971
3807.0000 207 123 0.5942
3808.0000 208 123 0.5913
3809.0000 209 123 0.5885
3810.0000 210 123 0.5857
3810.0000 210 124 0.5905
3811.0000 211 124 0.5877
3812.0000 212 124 0.5849
3813.0000 213 124 0.5822
3814.0000 214 124 0.5794
3814.0000 214 125 0.5841
3815.0000 215 125 0.5814
3815.0000 215 126 0.5860
3815.0000 215 127 0.5907
3816.0000 216 127 0.5880
3817.0000 217 127 0.5853
3818.0000 218 127 0.5826
3819.0000 219 127 0.5799
3819.0000 219 128 0.5845
3820.0000 220 128 0.5818
3820.0000 220 129 0.5864
3820.0000 220 130 0.5909
3821.0000 221 130 0.5882
3821.0000 221 131 0.5928
3822.0000 222 131 0.5901
3822.0000 222 132 0.5946
3823.0000 223 132 0.5919
3823.0000 223 133 0.5964
3824.0000 224 133 0.5938
3825.0000 225 133 0.5911
3826.0000 226 133 0.5885
3827.0000 227 133 0.5859
3828.0000 228 133 0.5833
3829.0000 229 133 0.5808
3830.0000 230 133 0.5783
3830.0000 230 134 0.5826
3831.0000 231 134 0.5801
3831.0000 231 135 0.5844
3832.0000 232 135 0.5819
3833.0000 233 135 0.5794
3833.0000 233 136 0.5837
3834.0000 234 136 0.5812
3834.0000 234 137 0.5855
3835.0000 235 137 0.5830
3836.0000 236 137 0.5805
3836.0000 236 138 0.5847
3837.0000 237 138 0.5823
3838.0000 238 138 0.5798
3839.0000 239 138 0.5774
3839.0000 239 139 0.5816
3840.0000 240 139 0.5792
3840.0000 240 140 0.5833
3841.0000 241 140 0.5809
3841.0000 241 141 0.5851
3842.0000 242 141 0.5826
3842.0000 242 142 0.5868
3843.0000 243 142 0.5844
3843.0000 243 143 0.5885
3844.0000 244 143 0.5861
3845.0000 245 143 0.5837
3846.0000 246 143 0.5813
3847.0000 247 143 0.5789
3848.0000 248 143 0.5766
3848.0000 248 144 0.5806
3849.0000 249 144 0.5783
3850.0000 250 144 0.5760
3850.0000 250 145 0.5800
3851.0000 251 145 0.5777
3852.0000 252 145 0.5754
3853.0000 253 145 0.5731
3854.0000 254 145 0.5709
3855.0000 255 145 0.5686
3855.0000 255 146 0.5725
3856.0000 256 146 0.5703
3856.0000 256 147 0.5742
3857.0000 257 147 0.5720
3858.0000 258 147 0.5698
3859.0000 259 147 0.5676
3860.0000 260 147 0.5654
3860.0000 260 148 0.5692
3861.0000 261 148 0.5670
3861.0000 261 149 0.5709
3862.0000 262 149 0.5687
3862.0000 262 150 0.5725
3863.0000 263 150 0.5703
3864.0000 264 150 0.5682
3865.0000 265 150 0.5660
3865.0000 265 151 0.5698
3866.0000 266 151 0.5677
3867.0000 267 151 0.5655
3867.0000 267 152 0.5693
3868.0000 268 152 0.5672
3869.0000 269 152 0.5651
3869.0000 269 153 0.5688
3870.0000 270 153 0.5667
3871.0000 271 153 0.5646
3872.0000 272 153 0.5625
3873.0000 273 153 0.5604
3873.0000 273 154 0.5641
3874.0000 274 154 0.5620
3875.0000 275 154 0.5600
3875.0000 275 155 0.5636
3876.0000 276 155 0.5616
3877.0000 277 155 0.5596
3878.0000 278 155 0.5576
3878.0000 278 156 0.5612
3879.0000 279 156 0.5591
3880.0000 280 156 0.5571
3881.0000 281 156 0.5552
3882.0000 282 156 0.5532
3882.0000 282 157 0.5567
3883.0000 283 157 0.5548
3883.0000 283 158 0.5583
3884.0000 284 158 0.5563
3884.0000 284 159 0.5599
3885.0000 285 159 0.5579
3885.0000 285 160 0.5614
3886.0000 286 160 0.5594
3887.0000 287 160 0.5575
3887.0000 287 161 0.5610
3888.0000 288 161 0.5590
3888.0000 288 162 0.5625
3888.0000 288 163 0.5660
3889.0000 289 163 0.5640
3889.0000 289 164 0.5675
3890.0000 290 164 0.5655
3891.0000 291 164 0.5636
3892.0000 292 164 0.5616
3893.0000 293 164 0.5597
3894.0000 294 164 0.5578
3894.0000 294 165 0.5612
3895.0000 295 165 0.5593
3896.0000 296 165 0.5574
3897.0000 297 165 0.5556
3897.0000 297 166 0.5589
3898.0000 298 166 0.5570
3898.0000 298 167 0.5604
3899.0000 299 167 0.5585
3900.0000 300 167 0.5567
3901.0000 301 167 0.5548
3902.0000 302 167 0.5530
3902.0000 302 168 0.5563
3903.0000 303 168 0.5545
3904.0000 304 168 0.5526
3904.0000 304 169 0.5559
3905.0000 305 169 0.5541
3905.0000 305 170 0.5574
3905.0000 305 171 0.5607
3906.0000 306 171 0.5588
3906.0000 306 172 0.5621
3907.0000 307 172 0.5603
3908.0000 308 172 0.5584
3909.0000 309 172 0.5566
3910.0000 310 172 0.5548
3911.0000 311 172 0.5531
3911.0000 311 173 0.5563
3912.0000 312 173 0.5545
3913.0000 313 173 0.5527
3914.0000 314 173 0.5510
3914.0000 314 174 0.5541
3915.0000 315 174 0.5524
3915.0000 315 175 0.5556
3916.0000 316 175 0.5538
3916.0000 316 176 0.5570
3917.0000 317 176 0.5552
3917.0000 317 177 0.5584
3918.0000 318 177 0.5566
3919.0000 319 177 0.5549
3919.0000 319 178 0.5580
3919.0000 319 179 0.5611
3920.0000 320 179 0.5594
3921.0000 321 179 0.5576
3921.0000 321 180 0.5607
3922.0000 322 180 0.5590
3923.0000 323 180 0.5573
3924.0000 324 180 0.5556
3924.0000 324 181 0.5586
3925.0000 325 181 0.5569
3926.0000 326 181 0.5552
3926.0000 326 182 0.5583
3927.0000 327 182 0.5566
3927.0000 327 183 0.5596
3928.0000 328 183 0.5579
3928.0000 328 184 0.5610
3929.0000 329 184 0.5593
3930.0000 330 184 0.5576
3930.0000 330 185 0.5606
3931.0000 331 185 0.5589
3932.0000 332 185 0.5572
3932.0000 332 186 0.5602
3933.0000 333 186 0.5586
3933.0000 333 187 0.5616
3934.0000 334 187 0.5599
3934.0000 334 188 0.5629
3934.0000 334 189 0.5659
3935.0000 335 189 0.5642
3936.0000 336 189 0.5625
3936.0000 336 190 0.5655
3937.0000 337 190 0.5638
3937.0000 337 191 0.5668
3938.0000 338 191 0.5651
3938.0000 338 192 0.5680
3939.0000 339 192 0.5664
3940.0000 340 192 0.5647
3940.0000 340 193 0.5676
3941.0000 341 193 0.5660
3941.0000 341 194 0.5689
3942.0000 342 194 0.5673
3943.0000 343 194 0.5656
3943.0000 343 195 0.5685
3944.0000 344 195 0.5669
3945.0000 345 195 0.5652
3946.0000 346 195 0.5636
3946.0000 346 196 0.5665
3946.0000 346 197 0.5694
3947.0000 347 197 0.5677
3948.0000 348 197 0.5661
3948.0000 348 198 0.5690
3949.0000 349 198 0.5673
3949.0000 349 199 0.5702
3950.0000 350 199 0.5686
3951.0000 351 199 0.5670
3951.0000 351 200 0.5698
3951.0000 351 201 0.5726
3952.0000 352 201 0.5710
3952.0000 352 202 0.5739
3953.0000 353 202 0.5722
3953.0000 353 203 0.5751
3954.0000 354 203 0.5734
3954.0000 354 204 0.5763
3955.0000 355 204 0.5746
3955.0000 355 205 0.5775
3956.0000 356 205 0.5758
3956.0000 356 206 0.5787
3957.0000 357 206 0.5770
3958.0000 358 206 0.5754
3959.0000 359 206 0.5738
3960.0000 360 206 0.5722
3962.0000 360 207 0.5750
3966.0000 360 208 0.5778
3968.0000 360 209 0.5806
3971.0000 360 210 0.5833
3975.0000 360 211 0.5861
3977.0000 360 212 0.5889
3979.0000 360 213 0.5917
3980.0000 360 214 0.5944
3981.0000 360 215 0.5972
3986.0000 360 216 0.6000
3987.0000 360 217 0.6028
3990.0000 360 218 0.6056
3993.0000 360 219 0.6083
3994.0000 360 220 0.6111
3995.0000 360 221 0.6139
3997.0000 360 222 0.6167
3998.0000 360 223 0.6194
3999.0000 360 224 0.6222
4000.0000 360 225 0.6250
4005.0000 360 226 0.6278
4009.0000 360 227 0.6306
4014.0000 360 228 0.6333
4014.0000 360 229 0.6361
4016.0000 360 230 0.6389
4023.0000 360 231 0.6417
4031.0000 360 232 0.6444
4035.0000 360 233 0.6472
4047.0000 360 234 0.6500
4048.0000 360 235 0.6528
4054.0000 360 236 0.6556
4060.0000 360 237 0.6583
4956.0000 360 238 0.6611
5024.0000 360 239 0.6639
5103.0000 360 240 0.6667
5104.0000 360 241 0.6694
5193.0000 360 242 0.6722
5364.0000 360 243 0.6750
5365.0000 360 244 0.6778
5385.0000 360 245 0.6806
5386.0000 360 246 0.6833
5405.0000 360 247 0.6861
5406.0000 360 248 0.6889
5407.0000 360 249 0.6917
5539.0000 360 250 0.6944
5594.0000 360 251 0.6972
5617.0000 360 252 0.7000
5638.0000 360 253 0.7028
5645.0000 360 254 0.7056
5675.0000 360 255 0.7083
5676.0000 360 256 0.7111
5677.0000 360 257 0.7139
5694.0000 360 258 0.7167
5735.0000 360 259 0.7194
5740.0000 360 260 0.7222
5741.0000 360 261 0.7250
5748.0000 360 262 0.7278
5762.0000 360 263 0.7306
5766.0000 360 264 0.7333
5944.0000 360 265 0.7361
5955.0000 360 266 0.7389
6087.0000 360 267 0.7417
6088.0000 360 268 0.7444
6214.0000 360 269 0.7472
6334.0000 360 270 0.7500
6344.0000 360 271 0.7528
6390.0000 360 272 0.7556
6391.0000 360 273 0.7583
6392.0000 360 274 0.7611
6457.0000 360 275 0.7639
6588.0000 360 276 0.7667
6688.0000 360 277 0.7694
7030.0000 360 278 0.7722
7059.0000 360 279 0.7750
7230.0000 360 280 0.7778
7231.0000 360 281 0.7806
7232.0000 360 282 0.7833
7233.0000 360 283 0.7861
7234.0000 360 284 0.7889
7235.0000 360 285 0.7917
7236.0000 360 286 0.7944
7237.0000 360 287 0.7972
7238.0000 360 288 0.8000
7239.0000 360 289 0.8028
7240.0000 360 290 0.8056
7241.0000 360 291 0.8083
7242.0000 360 292 0.8111
7243.0000 360 293 0.8139
7244.0000 360 294 0.8167
7540.0000 360 295 0.8194
7566.0000 360 296 0.8222
8147.0000 360 297 0.8250
8148.0000 360 298 0.8278
8149.0000 360 299 0.8306
8170.0000 360 300 0.8333
8264.0000 360 301 0.8361
8674.0000 360 302 0.8389
9269.0000 360 303 0.8417
9284.0000 360 304 0.8444
9527.0000 360 305 0.8472
9538.0000 360 306 0.8500
9955.0000 360 307 0.8528
10013.0000 360 308 0.8556
10014.0000 360 309 0.8583
10015.0000 360 310 0.8611
10016.0000 360 311 0.8639
10017.0000 360 312 0.8667
10107.0000 360 313 0.8694
10119.0000 360 314 0.8722
10452.0000 360 315 0.8750
10583.0000 360 316 0.8778
11517.0000 360 317 0.8806
11518.0000 360 318 0.8833
11519.0000 360 319 0.8861
11520.0000 360 320 0.8889
11521.0000 360 321 0.8917
11522.0000 360 322 0.8944
11523.0000 360 323 0.8972
11524.0000 360 324 0.9000
11843.0000 360 325 0.9028
12000.0000 360 326 0.9056
13907.0000 360 327 0.9083
14067.0000 360 328 0.9111
14106.0000 360 329 0.9139
14174.0000 360 330 0.9167
14202.0000 360 331 0.9194
14278.0000 360 332 0.9222
14279.0000 360 333 0.9250
14280.0000 360 334 0.9278
14281.0000 360 335 0.9306
14282.0000 360 336 0.9333
14283.0000 360 337 0.9361
14284.0000 360 338 0.9389
14285.0000 360 339 0.9417
14286.0000 360 340 0.9444
14287.0000 360 341 0.9472
14288.0000 360 342 0.9500
14289.0000 360 343 0.9528
14290.0000 360 344 0.9556
14291.0000 360 345 0.9583
14292.0000 360 346 0.9611
14293.0000 360 347 0.9639
14294.0000 360 348 0.9667
14295.0000 360 349 0.9694
14296.0000 360 350 0.9722
14297.0000 360 351 0.9750
14411.0000 360 352 0.9778
14608.0000 360 353 0.9806
14734.0000 360 354 0.9833
14854.0000 360 355 0.9861
14866.0000 360 356 0.9889
14893.0000 360 357 0.9917
15107.0000 360 358 0.9944
15159.0000 360 359 0.9972
15176.0000 360 360 1.0000
