# time  created  delivered  delivered/created
3601.0000 1 0 0.0000
3602.0000 2 0 0.0000
3602.0000 2 1 0.5000
3603.0000 3 1 0.3333
3604.0000 4 1 0.2500
3605.0000 5 1 0.2000
3605.0000 5 2 0.4000
3606.0000 6 2 0.3333
3606.0000 6 3 0.5000
3607.0000 7 3 0.4286
3608.0000 8 3 0.3750
3609.0000 9 3 0.3333
3609.0000 9 4 0.4444
3610.0000 10 4 0.4000
3610.0000 10 5 0.5000
3611.0000 11 5 0.4545
3611.0000 11 6 0.5455
3612.0000 12 6 0.5000
3612.0000 12 7 0.5833
3613.0000 13 7 0.5385
3613.0000 13 8 0.6154
3614.0000 14 8 0.5714
3614.0000 14 9 0.6429
3615.0000 15 9 0.6000
3616.0000 16 9 0.5625
3616.0000 16 10 0.6250
3617.0000 17 10 0.5882
3618.0000 18 10 0.5556
3619.0000 19 10 0.5263
3620.0000 20 10 0.5000
3621.0000 21 10 0.4762
3622.0000 22 10 0.4545
3623.0000 23 10 0.4348
3623.0000 23 11 0.4783
3624.0000 24 11 0.4583
3625.0000 25 11 0.4400
3625.0000 25 12 0.4800
3626.0000 26 12 0.4615
3627.0000 27 12 0.4444
3627.0000 27 13 0.4815
3628.0000 28 13 0.4643
3628.0000 28 14 0.5000
3629.0000 29 14 0.4828
3629.0000 29 15 0.5172
3630.0000 30 15 0.5000
3631.0000 31 15 0.4839
3631.0000 31 16 0.5161
3632.0000 32 16 0.5000
3633.0000 33 16 0.4848
3634.0000 34 16 0.4706
3635.0000 35 16 0.4571
3635.0000 35 17 0.4857
3636.0000 36 17 0.4722
3637.0000 37 17 0.4595
3638.0000 38 17 0.4474
3639.0000 39 17 0.4359
3639.0000 39 18 0.4615
3640.0000 40 18 0.4500
3641.0000 41 18 0.4390
3642.0000 42 18 0.4286
3643.0000 43 18 0.4186
3643.0000 43 19 0.4419
3644.0000 44 19 0.4318
3645.0000 45 19 0.4222
3646.0000 46 19 0.4130
3646.0000 46 20 0.4348
3646.0000 46 21 0.4565
3647.0000 47 21 0.4468
3647.0000 47 22 0.4681
3647.0000 47 23 0.4894
3648.0000 48 23 0.4792
3648.0000 48 24 0.5000
3649.0000 49 24 0.4898
3650.0000 50 24 0.4800
3650.0000 50 25 0.5000
3651.0000 51 25 0.4902
3651.0000 51 26 0.5098
3652.0000 52 26 0.5000
3653.0000 53 26 0.4906
3654.0000 54 26 0.4815
3654.0000 54 27 0.5000
3655.0000 55 27 0.4909
3655.0000 55 28 0.5091
3656.0000 56 28 0.5000
3656.0000 56 29 0.5179
3657.0000 57 29 0.5088
3657.0000 57 30 0.5263
3658.0000 58 30 0.5172
3658.0000 58 31 0.5345
3659.0000 59 31 0.5254
3659.0000 59 32 0.5424
3660.0000 60 32 0.5333
3660.0000 60 33 0.5500
3661.0000 61 33 0.5410
3661.0000 61 34 0.5574
3662.0000 62 34 0.5484
3662.0000 62 35 0.5645
3663.0000 63 35 0.5556
3663.0000 63 36 0.5714
3664.0000 64 36 0.5625
3665.0000 65 36 0.5538
3665.0000 65 37 0.5692
3666.0000 66 37 0.5606
3667.0000 67 37 0.5522
3668.0000 68 37 0.5441
3669.0000 69 37 0.5362
3669.0000 69 38 0.5507
3670.0000 70 38 0.5429
3671.0000 71 38 0.5352
3672.0000 72 38 0.5278
3672.0000 72 39 0.5417
3673.0000 73 39 0.5342
3673.0000 73 40 0.5479
3674.0000 74 40 0.5405
3674.0000 74 41 0.5541
3675.0000 75 41 0.5467
3675.0000 75 42 0.5600
3676.0000 76 42 0.5526
3676.0000 76 43 0.5658
3677.0000 77 43 0.5584
3677.0000 77 44 0.5714
3678.0000 78 44 0.5641
3678.0000 78 45 0.5769
3679.0000 79 45 0.5696
3679.0000 79 46 0.5823
3680.0000 80 46 0.5750
3680.0000 80 47 0.5875
3681.0000 81 47 0.5802
3682.0000 82 47 0.5732
3683.0000 83 47 0.5663
3684.0000 84 47 0.5595
3685.0000 85 47 0.5529
3686.0000 86 47 0.5465
3687.0000 87 47 0.5402
3687.0000 87 48 0.5517
3688.0000 88 48 0.5455
3689.0000 89 48 0.5393
3690.0000 90 48 0.5333
3691.0000 91 48 0.5275
3691.0000 91 49 0.5385
3691.0000 91 50 0.5495
3692.0000 92 50 0.5435
3692.0000 92 51 0.5543
3693.0000 93 51 0.5484
3693.0000 93 52 0.5591
3694.0000 94 52 0.5532
3694.0000 94 53 0.5638
3695.0000 95 53 0.5579
3695.0000 95 54 0.5684
3696.0000 96 54 0.5625
3696.0000 96 55 0.5729
3697.0000 97 55 0.5670
3697.0000 97 56 0.5773
3698.0000 98 56 0.5714
3698.0000 98 57 0.5816
3699.0000 99 57 0.5758
3699.0000 99 58 0.5859
3700.0000 100 58 0.5800
3700.0000 100 59 0.5900
3701.0000 101 59 0.5842
3701.0000 101 60 0.5941
3702.0000 102 60 0.5882
3702.0000 102 61 0.5980
3703.0000 103 61 0.5922
3703.0000 103 62 0.6019
3704.0000 104 62 0.5962
3704.0000 104 63 0.6058
3705.0000 105 63 0.6000
3705.0000 105 64 0.6095
3706.0000 106 64 0.6038
3706.0000 106 65 0.6132
3707.0000 107 65 0.6075
3707.0000 107 66 0.6168
3708.0000 108 66 0.6111
3708.0000 108 67 0.6204
3709.0000 109 67 0.6147
3709.0000 109 68 0.6239
3710.0000 110 68 0.6182
3710.0000 110 69 0.6273
3711.0000 111 69 0.6216
3711.0000 111 70 0.6306
3712.0000 112 70 0.6250
3712.0000 112 71 0.6339
3713.0000 113 71 0.6283
3713.0000 113 72 0.6372
3714.0000 114 72 0.6316
3714.0000 114 73 0.6404
3715.0000 115 73 0.6348
3715.0000 115 74 0.6435
3716.0000 116 74 0.6379
3716.0000 116 75 0.6466
3717.0000 117 75 0.6410
3717.0000 117 76 0.6496
3718.0000 118 76 0.6441
3718.0000 118 77 0.6525
3719.0000 119 77 0.6471
3719.0000 119 78 0.6555
3720.0000 120 78 0.6500
3721.0000 121 78 0.6446
3721.0000 121 79 0.6529
3722.0000 122 79 0.6475
3723.0000 123 79 0.6423
3724.0000 124 79 0.6371
3725.0000 125 79 0.6320
3725.0000 125 80 0.6400
3726.0000 126 80 0.6349
3726.0000 126 81 0.6429
3727.0000 127 81 0.6378
3728.0000 128 81 0.6328
3728.0000 128 82 0.6406
3729.0000 129 82 0.6357
3730.0000 130 82 0.6308
3731.0000 131 82 0.6260
3732.0000 132 82 0.6212
3733.0000 133 82 0.6165
3733.0000 133 83 0.6241
3734.0000 134 83 0.6194
3735.0000 135 83 0.6148
3736.0000 136 83 0.6103
3737.0000 137 83 0.6058
3738.0000 138 83 0.6014
3739.0000 139 83 0.5971
3739.0000 139 84 0.6043
3740.0000 140 84 0.6000
3741.0000 141 84 0.5957
3742.0000 142 84 0.5915
3743.0000 143 84 0.5874
3744.0000 144 84 0.5833
3745.0000 145 84 0.5793
3746.0000 146 84 0.5753
3747.0000 147 84 0.5714
3747.0000 147 85 0.5782
3748.0000 148 85 0.5743
3748.0000 148 86 0.5811
3749.0000 149 86 0.5772
3750.0000 150 86 0.5733
3750.0000 150 87 0.5800
3751.0000 151 87 0.5762
3752.0000 152 87 0.5724
3753.0000 153 87 0.5686
3753.0000 153 88 0.5752
3754.0000 154 88 0.5714
3755.0000 155 88 0.5677
3756.0000 156 88 0.5641
3757.0000 157 88 0.5605
3758.0000 158 88 0.5570
3758.0000 158 89 0.5633
3759.0000 159 89 0.5597
3760.0000 160 89 0.5563
3761.0000 161 89 0.5528
3761.0000 161 90 0.5590
3762.0000 162 90 0.5556
3763.0000 163 90 0.5521
3763.0000 163 91 0.5583
3764.0000 164 91 0.5549
3765.0000 165 91 0.5515
3765.0000 165 92 0.5576
3766.0000 166 92 0.5542
3767.0000 167 92 0.5509
3768.0000 168 92 0.5476
3768.0000 168 93 0.5536
3769.0000 169 93 0.5503
3770.0000 170 93 0.5471
3771.0000 171 93 0.5439
3772.0000 172 93 0.5407
3773.0000 173 93 0.5376
3773.0000 173 94 0.5434
3774.0000 174 94 0.5402
3775.0000 175 94 0.5371
3776.0000 176 94 0.5341
3777.0000 177 94 0.5311
3778.0000 178 94 0.5281
3778.0000 178 95 0.5337
3779.0000 179 95 0.5307
3779.0000 179 96 0.5363
3780.0000 180 96 0.5333
3780.0000 180 97 0.5389
3780.0000 180 98 0.5444
3781.0000 181 98 0.5414
3782.0000 182 98 0.5385
3783.0000 183 98 0.5355
3783.0000 183 99 0.5410
3784.0000 184 99 0.5380
3785.0000 185 99 0.5351
3786.0000 186 99 0.5323
3787.0000 187 99 0.5294
3788.0000 188 99 0.5266
3789.0000 189 99 0.5238
3790.0000 190 99 0.5211
3790.0000 190 100 0.5263
3791.0000 191 100 0.5236
3792.0000 192 100 0.5208
3792.0000 192 101 0.5260
3792.0000 192 102 0.5313
3793.0000 193 102 0.5285
3793.0000 193 103 0.5337
3794.0000 194 103 0.5309
3795.0000 195 103 0.5282
3795.0000 195 104 0.5333
3796.0000 196 104 0.5306
3796.0000 196 105 0.5357
3797.0000 197 105 0.5330
3797.0000 197 106 0.5381
3798.0000 198 106 0.5354
3798.0000 198 107 0.5404
3799.0000 199 107 0.5377
3800.0000 200 107 0.5350
3800.0000 200 108 0.5400
3800.0000 200 109 0.5450
3801.0000 201 109 0.5423
3801.0000 201 110 0.5473
3802.0000 202 110 0.5446
3803.0000 203 110 0.5419
3803.0000 203 111 0.5468
3804.0000 204 111 0.5441
3804.0000 204 112 0.5490
3805.0000 205 112 0.5463
3806.0000 206 112 0.5437
3806.0000 206 113 0.5485
3807.0000 207 113 0.5459
3808.0000 208 113 0.5433
3808.0000 208 114 0.5481
3809.0000 209 114 0.5455
3810.0000 210 114 0.5429
3810.0000 210 115 0.5476
3811.0000 211 115 0.5450
3812.0000 212 115 0.5425
3812.0000 212 116 0.5472
3813.0000 213 116 0.5446
3814.0000 214 116 0.5421
3814.0000 214 117 0.5467
3815.0000 215 117 0.5442
3815.0000 215 118 0.5488
3816.0000 216 118 0.5463
3817.0000 217 118 0.5438
3817.0000 217 119 0.5484
3818.0000 218 119 0.5459
3818.0000 218 120 0.5505
3819.0000 219 120 0.5479
3820.0000 220 120 0.5455
3821.0000 221 120 0.5430
3821.0000 221 121 0.5475
3822.0000 222 121 0.5450
3823.0000 223 121 0.5426
3824.0000 224 121 0.5402
3824.0000 224 122 0.5446
3825.0000 225 122 0.5422
3826.0000 226 122 0.5398
3827.0000 227 122 0.5374
3827.0000 227 123 0.5419
3828.0000 228 123 0.5395
3828.0000 228 124 0.5439
3829.0000 229 124 0.5415
3829.0000 229 125 0.5459
3830.0000 230 125 0.5435
3830.0000 230 126 0.5478
3831.0000 231 126 0.5455
3832.0000 232 126 0.5431
3832.0000 232 127 0.5474
3833.0000 233 127 0.5451
3834.0000 234 127 0.5427
3835.0000 235 127 0.5404
3836.0000 236 127 0.5381
3837.0000 237 127 0.5359
3838.0000 238 127 0.5336
3838.0000 238 128 0.5378
3839.0000 239 128 0.5356
3840.0000 240 128 0.5333
3841.0000 241 128 0.5311
3842.0000 242 128 0.5289
3843.0000 243 128 0.5267
3844.0000 244 128 0.5246
3845.0000 245 128 0.5224
3846.0000 246 128 0.5203
3846.0000 246 129 0.5244
3847.0000 247 129 0.5223
3848.0000 248 129 0.5202
3848.0000 248 130 0.5242
3849.0000 249 130 0.5221
3849.0000 249 131 0.5261
3850.0000 250 131 0.5240
3851.0000 251 131 0.5219
3852.0000 252 131 0.5198
3852.0000 252 132 0.5238
3853.0000 253 132 0.5217
3853.0000 253 133 0.5257
3854.0000 254 133 0.5236
3854.0000 254 134 0.5276
3855.0000 255 134 0.5255
3856.0000 256 134 0.5234
3857.0000 257 134 0.5214
3857.0000 257 135 0.5253
3857.0000 257 136 0.5292
3858.0000 258 136 0.5271
3859.0000 259 136 0.5251
3859.0000 259 137 0.5290
3860.0000 260 137 0.5269
3860.0000 260 138 0.5308
3861.0000 261 138 0.5287
3861.0000 261 139 0.5326
3861.0000 261 140 0.5364
3861.0000 261 141 0.5402
3862.0000 262 141 0.5382
3863.0000 263 141 0.5361
3864.0000 264 141 0.5341
3864.0000 264 142 0.5379
3865.0000 265 142 0.5358
3866.0000 266 142 0.5338
3866.0000 266 143 0.5376
3867.0000 267 143 0.5356
3868.0000 268 143 0.5336
3868.0000 268 144 0.5373
3869.0000 269 144 0.5353
3870.0000 270 144 0.5333
3870.0000 270 145 0.5370
3871.0000 271 145 0.5351
3872.0000 272 145 0.5331
3872.0000 272 146 0.5368
3873.0000 273 146 0.5348
3874.0000 274 146 0.5328
3875.0000 275 146 0.5309
3875.0000 275 147 0.5345
3876.0000 276 147 0.5326
3876.0000 276 148 0.5362
3877.0000 277 148 0.5343
3877.0000 277 149 0.5379
3878.0000 278 149 0.5360
3878.0000 278 150 0.5396
3879.0000 279 150 0.5376
3880.0000 280 150 0.5357
3880.0000 280 151 0.5393
3881.0000 281 151 0.5374
3882.0000 282 151 0.5355
3883.0000 283 151 0.5336
3883.0000 283 152 0.5371
3884.0000 284 152 0.5352
3885.0000 285 152 0.5333
3886.0000 286 152 0.5315
3886.0000 286 153 0.5350
3887.0000 287 153 0.5331
3888.0000 288 153 0.5313
3888.0000 288 154 0.5347
3889.0000 289 154 0.5329
3889.0000 289 155 0.5363
3890.0000 290 155 0.5345
3891.0000 291 155 0.5326
3891.0000 291 156 0.5361
3892.0000 292 156 0.5342
3893.0000 293 156 0.5324
3893.0000 293 157 0.5358
3894.0000 294 157 0.5340
3895.0000 295 157 0.5322
3895.0000 295 158 0.5356
3896.0000 296 158 0.5338
3896.0000 296 159 0.5372
3897.0000 297 159 0.5354
3897.0000 297 160 0.5387
3898.0000 298 160 0.5369
3899.0000 299 160 0.5351
3900.0000 300 160 0.5333
3901.0000 301 160 0.5316
3901.0000 301 161 0.5349
3901.0000 301 162 0.5382
3902.0000 302 162 0.5364
3902.0000 302 163 0.5397
3903.0000 303 163 0.5380
3903.0000 303 164 0.5413
3904.0000 304 164 0.5395
3904.0000 304 165 0.5428
3905.0000 305 165 0.5410
3906.0000 306 165 0.5392
3906.0000 306 166 0.5425
3906.0000 306 167 0.5458
3907.0000 307 167 0.5440
3908.0000 308 167 0.5422
3909.0000 309 167 0.5405
3910.0000 310 167 0.5387
3910.0000 310 168 0.5419
3911.0000 311 168 0.5402
3911.0000 311 169 0.5434
3912.0000 312 169 0.5417
3912.0000 312 170 0.5449
3913.0000 313 170 0.5431
3914.0000 314 170 0.5414
3915.0000 315 170 0.5397
3915.0000 315 171 0.5429
3915.0000 315 172 0.5460
3916.0000 316 172 0.5443
3916.0000 316 173 0.5475
3917.0000 317 173 0.5457
3918.0000 318 173 0.5440
3919.0000 319 173 0.5423
3920.0000 320 173 0.5406
3920.0000 320 174 0.5438
3921.0000 321 174 0.5421
3921.0000 321 175 0.5452
3922.0000 322 175 0.5435
3923.0000 323 175 0.5418
3924.0000 324 175 0.5401
3925.0000 325 175 0.5385
3926.0000 326 175 0.5368
3927.0000 327 175 0.5352
3927.0000 327 176 0.5382
3928.0000 328 176 0.5366
3929.0000 329 176 0.5350
3930.0000 330 176 0.5333
3930.0000 330 177 0.5364
3931.0000 331 177 0.5347
3932.0000 332 177 0.5331
3932.0000 332 178 0.5361
3933.0000 333 178 0.5345
3933.0000 333 179 0.5375
3933.0000 333 180 0.5405
3934.0000 334 180 0.5389
3934.0000 334 181 0.5419
3935.0000 335 181 0.5403
3936.0000 336 181 0.5387
3936.0000 336 182 0.5417
3937.0000 337 182 0.5401
3937.0000 337 183 0.5430
3938.0000 338 183 0.5414
3938.0000 338 184 0.5444
3939.0000 339 184 0.5428
3939.0000 339 185 0.5457
3940.0000 340 185 0.5441
3940.0000 340 186 0.5471
3941.0000 341 186 0.5455
3941.0000 341 187 0.5484
3942.0000 342 187 0.5468
3942.0000 342 188 0.5497
3943.0000 343 188 0.5481
3944.0000 344 188 0.5465
3944.0000 344 189 0.5494
3945.0000 345 189 0.5478
3946.0000 346 189 0.5462
3946.0000 346 190 0.5491
3947.0000 347 190 0.5476
3948.0000 348 190 0.5460
3949.0000 349 190 0.5444
3949.0000 349 191 0.5473
3950.0000 350 191 0.5457
3951.0000 351 191 0.5442
3952.0000 352 191 0.5426
3953.0000 353 191 0.5411
3953.0000 353 192 0.5439
3953.0000 353 193 0.5467
3954.0000 354 193 0.5452
3954.0000 354 194 0.5480
3955.0000 355 194 0.5465
3956.0000 356 194 0.5449
3956.0000 356 195 0.5478
3957.0000 357 195 0.5462
3957.0000 357 196 0.5490
3958.0000 358 196 0.5475
3958.0000 358 197 0.5503
3958.0000 358 198 0.5531
3959.0000 359 198 0.5515
3959.0000 359 199 0.5543
3960.0000 360 199 0.5528
3960.0000 360 200 0.5556
3963.0000 360 201 0.5583
3964.0000 360 202 0.5611
3966.0000 360 203 0.5639
3969.0000 360 204 0.5667
3970.0000 360 205 0.5694
3972.0000 360 206 0.5722
3973.0000 360 207 0.5750
3975.0000 360 208 0.5778
3976.0000 360 209 0.5806
3977.0000 360 210 0.5833
3978.0000 360 211 0.5861
3979.0000 360 212 0.5889
3979.0000 360 213 0.5917
3980.0000 360 214 0.5944
3981.0000 360 215 0.5972
3982.0000 360 216 0.6000
3983.0000 360 217 0.6028
3984.0000 360 218 0.6056
3985.0000 360 219 0.6083
3986.0000 360 220 0.6111
3988.0000 360 221 0.6139
3990.0000 360 222 0.6167
3991.0000 360 223 0.6194
3992.0000 360 224 0.6222
3994.0000 360 225 0.6250
3996.0000 360 226 0.6278
3997.0000 360 227 0.6306
3999.0000 360 228 0.6333
4001.0000 360 229 0.6361
4002.0000 360 230 0.6389
4002.0000 360 231 0.6417
4004.0000 360 232 0.6444
4005.0000 360 233 0.6472
4009.0000 360 234 0.6500
4016.0000 360 235 0.6528
4023.0000 360 236 0.6556
4036.0000 360 237 0.6583
4954.0000 360 238 0.6611
5022.0000 360 239 0.6639
5183.0000 360 240 0.6667
5184.0000 360 241 0.6694
5195.0000 360 242 0.6722
5346.0000 360 243 0.6750
5362.0000 360 244 0.6778
5363.0000 360 245 0.6806
5364.0000 360 246 0.6833
5383.0000 360 247 0.6861
5384.0000 360 248 0.6889
5404.0000 360 249 0.6917
5405.0000 360 250 0.6944
5406.0000 360 251 0.6972
5549.0000 360 252 0.7000
5592.0000 360 253 0.7028
5593.0000 360 254 0.7056
5598.0000 360 255 0.7083
5673.0000 360 256 0.7111
5674.0000 360 257 0.7139
5738.0000 360 258 0.7167
5739.0000 360 259 0.7194
5740.0000 360 260 0.7222
5741.0000 360 261 0.7250
5742.0000 360 262 0.7278
5743.0000 360 263 0.7306
5956.0000 360 264 0.7333
6087.0000 360 265 0.7361
6111.0000 360 266 0.7389
6152.0000 360 267 0.7417
6211.0000 360 268 0.7444
6212.0000 360 269 0.7472
6213.0000 360 270 0.7500
6214.0000 360 271 0.7528
6361.0000 360 272 0.7556
6364.0000 360 273 0.7583
6366.0000 360 274 0.7611
6401.0000 360 275 0.7639
6452.0000 360 276 0.7667
6924.0000 360 277 0.7694
7028.0000 360 278 0.7722
7087.0000 360 279 0.7750
7228.0000 360 280 0.7778
7229.0000 360 281 0.7806
7230.0000 360 282 0.7833
7231.0000 360 283 0.7861
7232.0000 360 284 0.7889
7233.0000 360 285 0.7917
7234.0000 360 286 0.7944
7265.0000 360 287 0.7972
7266.0000 360 288 0.8000
7267.0000 360 289 0.8028
7268.0000 360 290 0.8056
7269.0000 360 291 0.8083
7270.0000 360 292 0.8111
7271.0000 360 293 0.8139
7314.0000 360 294 0.8167
7565.0000 360 295 0.8194
7776.0000 360 296 0.8222
8145.0000 360 297 0.8250
8146.0000 360 298 0.8278
8147.0000 360 299 0.8306
8148.0000 360 300 0.8333
8169.0000 360 301 0.8361
8519.0000 360 302 0.8389
9146.0000 360 303 0.8417
9156.0000 360 304 0.8444
9218.0000 360 305 0.8472
9219.0000 360 306 0.8500
9344.0000 360 307 0.8528
9787.0000 360 308 0.8556
9955.0000 360 309 0.8583
9956.0000 360 310 0.8611
9975.0000 360 311 0.8639
10011.0000 360 312 0.8667
10012.0000 360 313 0.8694
10013.0000 360 314 0.8722
10014.0000 360 315 0.8750
10015.0000 360 316 0.8778
10312.0000 360 317 0.8806
10582.0000 360 318 0.8833
11515.0000 360 319 0.8861
11516.0000 360 320 0.8889
11517.0000 360 321 0.8917
11518.0000 360 322 0.8944
11519.0000 360 323 0.8972
11520.0000 360 324 0.9000
11790.0000 360 325 0.9028
11969.0000 360 326 0.9056
12924.0000 360 327 0.9083
13094.0000 360 328 0.9111
13211.0000 360 329 0.9139
13700.0000 360 330 0.9167
13754.0000 360 331 0.9194
13890.0000 360 332 0.9222
14155.0000 360 333 0.9250
14169.0000 360 334 0.9278
14276.0000 360 335 0.9306
14277.0000 360 336 0.9333
14278.0000 360 337 0.9361
14350.0000 360 338 0.9389
14538.0000 360 339 0.9417
14595.0000 360 340 0.9444
14596.0000 360 341 0.9472
14597.0000 360 342 0.9500
14598.0000 360 343 0.9528
14617.0000 360 344 0.9556
14618.0000 360 345 0.9583
14619.0000 360 346 0.9611
14620.0000 360 347 0.9639
14621.0000 360 348 0.9667
14688.0000 360 349 0.9694
14689.0000 360 350 0.9722
14690.0000 360 351 0.9750
14691.0000 360 352 0.9778
14692.0000 360 353 0.9806
14693.0000 360 354 0.9833
14694.0000 360 355 0.9861
14695.0000 360 356 0.9889
14696.0000 360 357 0.9917
14697.0000 360 358 0.9944
14698.0000 360 359 0.9972
14877.0000 360 360 1.0000
