# time  created  delivered  delivered/created
3601.0000 1 0 0.0000
3602.0000 2 0 0.0000
3602.0000 2 1 0.5000
3603.0000 3 1 0.3333
3604.0000 4 1 0.2500
3605.0000 5 1 0.2000
3605.0000 5 2 0.4000
3606.0000 6 2 0.3333
3606.0000 6 3 0.5000
3607.0000 7 3 0.4286
3608.0000 8 3 0.3750
3608.0000 8 4 0.5000
3609.0000 9 4 0.4444
3609.0000 9 5 0.5556
3610.0000 10 5 0.5000
3610.0000 10 6 0.6000
3611.0000 11 6 0.5455
3611.0000 11 7 0.6364
3612.0000 12 7 0.5833
3612.0000 12 8 0.6667
3613.0000 13 8 0.6154
3613.0000 13 9 0.6923
3614.0000 14 9 0.6429
3615.0000 15 9 0.6000
3616.0000 16 9 0.5625
3616.0000 16 10 0.6250
3617.0000 17 10 0.5882
3618.0000 18 10 0.5556
3619.0000 19 10 0.5263
3620.0000 20 10 0.5000
3621.0000 21 10 0.4762
3622.0000 22 10 0.4545
3623.0000 23 10 0.4348
3623.0000 23 11 0.4783
3624.0000 24 11 0.4583
3624.0000 24 12 0.5000
3625.0000 25 12 0.4800
3625.0000 25 13 0.5200
3626.0000 26 13 0.5000
3626.0000 26 14 0.5385
3627.0000 27 14 0.5185
3627.0000 27 15 0.5556
3628.0000 28 15 0.5357
3628.0000 28 16 0.5714
3629.0000 29 16 0.5517
3630.0000 30 16 0.5333
3631.0000 31 16 0.5161
3631.0000 31 17 0.5484
3632.0000 32 17 0.5313
3632.0000 32 18 0.5625
3633.0000 33 18 0.5455
3634.0000 34 18 0.5294
3635.0000 35 18 0.5143
3636.0000 36 18 0.5000
3636.0000 36 19 0.5278
3637.0000 37 19 0.5135
3637.0000 37 20 0.5405
3638.0000 38 20 0.5263
3638.0000 38 21 0.5526
3639.0000 39 21 0.5385
3639.0000 39 22 0.5641
3640.0000 40 22 0.5500
3640.0000 40 23 0.5750
3641.0000 41 23 0.5610
3641.0000 41 24 0.5854
3642.0000 42 24 0.5714
3642.0000 42 25 0.5952
3643.0000 43 25 0.5814
3644.0000 44 25 0.5682
3644.0000 44 26 0.5909
3645.0000 45 26 0.5778
3646.0000 46 26 0.5652
3646.0000 46 27 0.5870
3647.0000 47 27 0.5745
3647.0000 47 28 0.5957
3648.0000 48 28 0.5833
3648.0000 48 29 0.6042
3649.0000 49 29 0.5918
3650.0000 50 29 0.5800
3650.0000 50 30 0.6000
3651.0000 51 30 0.5882
3652.0000 52 30 0.5769
3652.0000 52 31 0.5962
3653.0000 53 31 0.5849
3654.0000 54 31 0.5741
3654.0000 54 32 0.5926
3655.0000 55 32 0.5818
3655.0000 55 33 0.6000
3656.0000 56 33 0.5893
3656.0000 56 34 0.6071
3657.0000 57 34 0.5965
3657.0000 57 35 0.6140
3658.0000 58 35 0.6034
3658.0000 58 36 0.6207
3659.0000 59 36 0.6102
3659.0000 59 37 0.6271
3660.0000 60 37 0.6167
3661.0000 61 37 0.6066
3661.0000 61 38 0.6230
3662.0000 62 38 0.6129
3662.0000 62 39 0.6290
3663.0000 63 39 0.6190
3664.0000 64 39 0.6094
3665.0000 65 39 0.6000
3665.0000 65 40 0.6154
3666.0000 66 40 0.6061
3666.0000 66 41 0.6212
3667.0000 67 41 0.6119
3668.0000 68 41 0.6029
3668.0000 68 42 0.6176
3669.0000 69 42 0.6087
3669.0000 69 43 0.6232
3670.0000 70 43 0.6143
3670.0000 70 44 0.6286
3671.0000 71 44 0.6197
3671.0000 71 45 0.6338
3672.0000 72 45 0.6250
3672.0000 72 46 0.6389
3673.0000 73 46 0.6301
3673.0000 73 47 0.6438
3674.0000 74 47 0.6351
3674.0000 74 48 0.6486
3675.0000 75 48 0.6400
3675.0000 75 49 0.6533
3676.0000 76 49 0.6447
3677.0000 77 49 0.6364
3677.0000 77 50 0.6494
3678.0000 78 50 0.6410
3679.0000 79 50 0.6329
3679.0000 79 51 0.6456
3680.0000 80 51 0.6375
3681.0000 81 51 0.6296
3682.0000 82 51 0.6220
3683.0000 83 51 0.6145
3684.0000 84 51 0.6071
3684.0000 84 52 0.6190
3685.0000 85 52 0.6118
3685.0000 85 53 0.6235
3686.0000 86 53 0.6163
3686.0000 86 54 0.6279
3687.0000 87 54 0.6207
3688.0000 88 54 0.6136
3688.0000 88 55 0.6250
3689.0000 89 55 0.6180
3689.0000 89 56 0.6292
3690.0000 90 56 0.6222
3690.0000 90 57 0.6333
3691.0000 91 57 0.6264
3691.0000 91 58 0.6374
3692.0000 92 58 0.6304
3692.0000 92 59 0.6413
3693.0000 93 59 0.6344
3693.0000 93 60 0.6452
3694.0000 94 60 0.6383
3694.0000 94 61 0.6489
3695.0000 95 61 0.6421
3696.0000 96 61 0.6354
3697.0000 97 61 0.6289
3697.0000 97 62 0.6392
3698.0000 98 62 0.6327
3698.0000 98 63 0.6429
3699.0000 99 63 0.6364
3699.0000 99 64 0.6465
3700.0000 100 64 0.6400
3700.0000 100 65 0.6500
3701.0000 101 65 0.6436
3701.0000 101 66 0.6535
3702.0000 102 66 0.6471
3702.0000 102 67 0.6569
3703.0000 103 67 0.6505
3703.0000 103 68 0.6602
3704.0000 104 68 0.6538
3705.0000 105 68 0.6476
3705.0000 105 69 0.6571
3706.0000 106 69 0.6509
3706.0000 106 70 0.6604
3707.0000 107 70 0.6542
3708.0000 108 70 0.6481
3709.0000 109 70 0.6422
3709.0000 109 71 0.6514
3710.0000 110 71 0.6455
3710.0000 110 72 0.6545
3711.0000 111 72 0.6486
3711.0000 111 73 0.6577
3712.0000 112 73 0.6518
3712.0000 112 74 0.6607
3713.0000 113 74 0.6549
3714.0000 114 74 0.6491
3714.0000 114 75 0.6579
3715.0000 115 75 0.6522
3715.0000 115 76 0.6609
3716.0000 116 76 0.6552
3716.0000 116 77 0.6638
3717.0000 117 77 0.6581
3717.0000 117 78 0.6667
3718.0000 118 78 0.6610
3718.0000 118 79 0.6695
3719.0000 119 79 0.6639
3720.0000 120 79 0.6583
3721.0000 121 79 0.6529
3721.0000 121 80 0.6612
3722.0000 122 80 0.6557
3723.0000 123 80 0.6504
3724.0000 124 80 0.6452
3725.0000 125 80 0.6400
3725.0000 125 81 0.6480
3726.0000 126 81 0.6429
3726.0000 126 82 0.6508
3727.0000 127 82 0.6457
3727.0000 127 83 0.6535
3728.0000 128 83 0.6484
3728.0000 128 84 0.6563
3729.0000 129 84 0.6512
3730.0000 130 84 0.6462
3731.0000 131 84 0.6412
3731.0000 131 85 0.6489
3732.0000 132 85 0.6439
3732.0000 132 86 0.6515
3733.0000 133 86 0.6466
3733.0000 133 87 0.6541
3734.0000 134 87 0.6493
3735.0000 135 87 0.6444
3735.0000 135 88 0.6519
3736.0000 136 88 0.6471
3736.0000 136 89 0.6544
3737.0000 137 89 0.6496
3737.0000 137 90 0.6569
3738.0000 138 90 0.6522
3738.0000 138 91 0.6594
3739.0000 139 91 0.6547
3740.0000 140 91 0.6500
3740.0000 140 92 0.6571
3741.0000 141 92 0.6525
3742.0000 142 92 0.6479
3742.0000 142 93 0.6549
3743.0000 143 93 0.6503
3743.0000 143 94 0.6573
3744.0000 144 94 0.6528
3744.0000 144 95 0.6597
3745.0000 145 95 0.6552
3745.0000 145 96 0.6621
3746.0000 146 96 0.6575
3746.0000 146 97 0.6644
3747.0000 147 97 0.6599
3748.0000 148 97 0.6554
3749.0000 149 97 0.6510
3749.0000 149 98 0.6577
3750.0000 150 98 0.6533
3751.0000 151 98 0.6490
3751.0000 151 99 0.6556
3752.0000 152 99 0.6513
3752.0000 152 100 0.6579
3753.0000 153 100 0.6536
3753.0000 153 101 0.6601
3754.0000 154 101 0.6558
3754.0000 154 102 0.6623
3755.0000 155 102 0.6581
3756.0000 156 102 0.6538
3757.0000 157 102 0.6497
3757.0000 157 103 0.6561
3758.0000 158 103 0.6519
3758.0000 158 104 0.6582
3759.0000 159 104 0.6541
3760.0000 160 104 0.6500
3760.0000 160 105 0.6563
3761.0000 161 105 0.6522
3762.0000 162 105 0.6481
3763.0000 163 105 0.6442
3763.0000 163 106 0.6503
3764.0000 164 106 0.6463
3764.0000 164 107 0.6524
3765.0000 165 107 0.6485
3765.0000 165 108 0.6545
3766.0000 166 108 0.6506
3767.0000 167 108 0.6467
3767.0000 167 109 0.6527
3768.0000 168 109 0.6488
3768.0000 168 110 0.6548
3769.0000 169 110 0.6509
3770.0000 170 110 0.6471
3771.0000 171 110 0.6433
3771.0000 171 111 0.6491
3772.0000 172 111 0.6453
3772.0000 172 112 0.6512
3773.0000 173 112 0.6474
3774.0000 174 112 0.6437
3774.0000 174 113 0.6494
3775.0000 175 113 0.6457
3775.0000 175 114 0.6514
3776.0000 176 114 0.6477
3777.0000 177 114 0.6441
3778.0000 178 114 0.6404
3778.0000 178 115 0.6461
3779.0000 179 115 0.6425
3779.0000 179 116 0.6480
3780.0000 180 116 0.6444
3781.0000 181 116 0.6409
3782.0000 182 116 0.6374
3782.0000 182 117 0.6429
3783.0000 183 117 0.6393
3784.0000 184 117 0.6359
3784.0000 184 118 0.6413
3785.0000 185 118 0.6378
3785.0000 185 119 0.6432
3786.0000 186 119 0.6398
3786.0000 186 120 0.6452
3787.0000 187 120 0.6417
3787.0000 187 121 0.6471
3788.0000 188 121 0.6436
3788.0000 188 122 0.6489
3789.0000 189 122 0.6455
3789.0000 189 123 0.6508
3790.0000 190 123 0.6474
3791.0000 191 123 0.6440
3791.0000 191 124 0.6492
3792.0000 192 124 0.6458
3792.0000 192 125 0.6510
3793.0000 193 125 0.6477
3793.0000 193 126 0.6528
3794.0000 194 126 0.6495
3794.0000 194 127 0.6546
3795.0000 195 127 0.6513
3796.0000 196 127 0.6480
3797.0000 197 127 0.6447
3798.0000 198 127 0.6414
3798.0000 198 128 0.6465
3799.0000 199 128 0.6432
3800.0000 200 128 0.6400
3800.0000 200 129 0.6450
3801.0000 201 129 0.6418
3802.0000 202 129 0.6386
3803.0000 203 129 0.6355
3803.0000 203 130 0.6404
3804.0000 204 130 0.6373
3805.0000 205 130 0.6341
3805.0000 205 131 0.6390
3806.0000 206 131 0.6359
3806.0000 206 132 0.6408
3807.0000 207 132 0.6377
3807.0000 207 133 0.6425
3808.0000 208 133 0.6394
3808.0000 208 134 0.6442
3809.0000 209 134 0.6411
3809.0000 209 135 0.6459
3810.0000 210 135 0.6429
3810.0000 210 136 0.6476
3811.0000 211 136 0.6445
3812.0000 212 136 0.6415
3813.0000 213 136 0.6385
3814.0000 214 136 0.6355
3814.0000 214 137 0.6402
3815.0000 215 137 0.6372
3815.0000 215 138 0.6419
3816.0000 216 138 0.6389
3816.0000 216 139 0.6435
3817.0000 217 139 0.6406
3818.0000 218 139 0.6376
3818.0000 218 140 0.6422
3819.0000 219 140 0.6393
3819.0000 219 141 0.6438
3820.0000 220 141 0.6409
3820.0000 220 142 0.6455
3821.0000 221 142 0.6425
3821.0000 221 143 0.6471
3822.0000 222 143 0.6441
3823.0000 223 143 0.6413
3823.0000 223 144 0.6457
3824.0000 224 144 0.6429
3825.0000 225 144 0.6400
3826.0000 226 144 0.6372
3826.0000 226 145 0.6416
3827.0000 227 145 0.6388
3827.0000 227 146 0.6432
3828.0000 228 146 0.6404
3829.0000 229 146 0.6376
3830.0000 230 146 0.6348
3830.0000 230 147 0.6391
3831.0000 231 147 0.6364
3831.0000 231 148 0.6407
3832.0000 232 148 0.6379
3832.0000 232 149 0.6422
3833.0000 233 149 0.6395
3834.0000 234 149 0.6368
3835.0000 235 149 0.6340
3836.0000 236 149 0.6314
3836.0000 236 150 0.6356
3837.0000 237 150 0.6329
3837.0000 237 151 0.6371
3838.0000 238 151 0.6345
3838.0000 238 152 0.6387
3839.0000 239 152 0.6360
3839.0000 239 153 0.6402
3840.0000 240 153 0.6375
3840.0000 240 154 0.6417
3841.0000 241 154 0.6390
3841.0000 241 155 0.6432
3842.0000 242 155 0.6405
3842.0000 242 156 0.6446
3843.0000 243 156 0.6420
3843.0000 243 157 0.6461
3844.0000 244 157 0.6434
3845.0000 245 157 0.6408
3846.0000 246 157 0.6382
3846.0000 246 158 0.6423
3847.0000 247 158 0.6397
3848.0000 248 158 0.6371
3848.0000 248 159 0.6411
3849.0000 249 159 0.6386
3849.0000 249 160 0.6426
3850.0000 250 160 0.6400
3850.0000 250 161 0.6440
3851.0000 251 161 0.6414
3851.0000 251 162 0.6454
3852.0000 252 162 0.6429
3853.0000 253 162 0.6403
3853.0000 253 163 0.6443
3854.0000 254 163 0.6417
3855.0000 255 163 0.6392
3855.0000 255 164 0.6431
3856.0000 256 164 0.6406
3857.0000 257 164 0.6381
3858.0000 258 164 0.6357
3858.0000 258 165 0.6395
3859.0000 259 165 0.6371
3859.0000 259 166 0.6409
3860.0000 260 166 0.6385
3861.0000 261 166 0.6360
3862.0000 262 166 0.6336
3862.0000 262 167 0.6374
3863.0000 263 167 0.6350
3864.0000 264 167 0.6326
3865.0000 265 167 0.6302
3865.0000 265 168 0.6340
3866.0000 266 168 0.6316
3867.0000 267 168 0.6292
3867.0000 267 169 0.6330
3868.0000 268 169 0.6306
3868.0000 268 170 0.6343
3869.0000 269 170 0.6320
3870.0000 270 170 0.6296
3870.0000 270 171 0.6333
3871.0000 271 171 0.6310
3871.0000 271 172 0.6347
3872.0000 272 172 0.6324
3872.0000 272 173 0.6360
3873.0000 273 173 0.6337
3874.0000 274 173 0.6314
3875.0000 275 173 0.6291
3875.0000 275 174 0.6327
3876.0000 276 174 0.6304
3876.0000 276 175 0.6341
3877.0000 277 175 0.6318
3877.0000 277 176 0.6354
3878.0000 278 176 0.6331
3878.0000 278 177 0.6367
3879.0000 279 177 0.6344
3879.0000 279 178 0.6380
3880.0000 280 178 0.6357
3880.0000 280 179 0.6393
3881.0000 281 179 0.6370
3882.0000 282 179 0.6348
3882.0000 282 180 0.6383
3883.0000 283 180 0.6360
3883.0000 283 181 0.6396
3884.0000 284 181 0.6373
3884.0000 284 182 0.6408
3885.0000 285 182 0.6386
3885.0000 285 183 0.6421
3886.0000 286 183 0.6399
3887.0000 287 183 0.6376
3887.0000 287 184 0.6411
3888.0000 288 184 0.6389
3889.0000 289 184 0.6367
3889.0000 289 185 0.6401
3890.0000 290 185 0.6379
3890.0000 290 186 0.6414
3891.0000 291 186 0.6392
3891.0000 291 187 0.6426
3892.0000 292 187 0.6404
3892.0000 292 188 0.6438
3893.0000 293 188 0.6416
3893.0000 293 189 0.6451
3894.0000 294 189 0.6429
3895.0000 295 189 0.6407
3895.0000 295 190 0.6441
3896.0000 296 190 0.6419
3897.0000 297 190 0.6397
3897.0000 297 191 0.6431
3898.0000 298 191 0.6409
3898.0000 298 192 0.6443
3899.0000 299 192 0.6421
3899.0000 299 193 0.6455
3900.0000 300 193 0.6433
3901.0000 301 193 0.6412
3901.0000 301 194 0.6445
3902.0000 302 194 0.6424
3902.0000 302 195 0.6457
3903.0000 303 195 0.6436
3903.0000 303 196 0.6469
3904.0000 304 196 0.6447
3904.0000 304 197 0.6480
3905.0000 305 197 0.6459
3906.0000 306 197 0.6438
3907.0000 307 197 0.6417
3908.0000 308 197 0.6396
3909.0000 309 197 0.6375
3909.0000 309 198 0.6408
3910.0000 310 198 0.6387
3911.0000 311 198 0.6367
3911.0000 311 199 0.6399
3912.0000 312 199 0.6378
3912.0000 312 200 0.6410
3913.0000 313 200 0.6390
3913.0000 313 201 0.6422
3914.0000 314 201 0.6401
3914.0000 314 202 0.6433
3915.0000 315 202 0.6413
3915.0000 315 203 0.6444
3916.0000 316 203 0.6424
3916.0000 316 204 0.6456
3917.0000 317 204 0.6435
3917.0000 317 205 0.6467
3918.0000 318 205 0.6447
3919.0000 319 205 0.6426
3920.0000 320 205 0.6406
3921.0000 321 205 0.6386
3921.0000 321 206 0.6417
3922.0000 322 206 0.6398
3922.0000 322 207 0.6429
3923.0000 323 207 0.6409
3924.0000 324 207 0.6389
3925.0000 325 207 0.6369
3925.0000 325 208 0.6400
3926.0000 326 208 0.6380
3927.0000 327 208 0.6361
3927.0000 327 209 0.6391
3928.0000 328 209 0.6372
3928.0000 328 210 0.6402
3929.0000 329 210 0.6383
3929.0000 329 211 0.6413
3930.0000 330 211 0.6394
3930.0000 330 212 0.6424
3931.0000 331 212 0.6405
3931.0000 331 213 0.6435
3932.0000 332 213 0.6416
3932.0000 332 214 0.6446
3933.0000 333 214 0.6426
3933.0000 333 215 0.6456
3934.0000 334 215 0.6437
3934.0000 334 216 0.6467
3935.0000 335 216 0.6448
3935.0000 335 217 0.6478
3936.0000 336 217 0.6458
3936.0000 336 218 0.6488
3937.0000 337 218 0.6469
3937.0000 337 219 0.6499
3938.0000 338 219 0.6479
3938.0000 338 220 0.6509
3939.0000 339 220 0.6490
3939.0000 339 221 0.6519
3940.0000 340 221 0.6500
3940.0000 340 222 0.6529
3941.0000 341 222 0.6510
3941.0000 341 223 0.6540
3942.0000 342 223 0.6520
3942.0000 342 224 0.6550
3943.0000 343 224 0.6531
3943.0000 343 225 0.6560
3944.0000 344 225 0.6541
3944.0000 344 226 0.6570
3945.0000 345 226 0.6551
3946.0000 346 226 0.6532
3947.0000 347 226 0.6513
3948.0000 348 226 0.6494
3948.0000 348 227 0.6523
3949.0000 349 227 0.6504
3949.0000 349 228 0.6533
3950.0000 350 228 0.6514
3950.0000 350 229 0.6543
3951.0000 351 229 0.6524
3951.0000 351 230 0.6553
3952.0000 352 230 0.6534
3952.0000 352 231 0.6563
3953.0000 353 231 0.6544
3953.0000 353 232 0.6572
3954.0000 354 232 0.6554
3955.0000 355 232 0.6535
3955.0000 355 233 0.6563
3956.0000 356 233 0.6545
3956.0000 356 234 0.6573
3957.0000 357 234 0.6555
3958.0000 358 234 0.6536
3958.0000 358 235 0.6564
3959.0000 359 235 0.6546
3959.0000 359 236 0.6574
3960.0000 360 236 0.6556
3960.0000 360 237 0.6583
5458.0000 360 238 0.6611
5459.0000 360 239 0.6639
5738.0000 360 240 0.6667
5739.0000 360 241 0.6694
5740.0000 360 242 0.6722
5741.0000 360 243 0.6750
5742.0000 360 244 0.6778
5743.0000 360 245 0.6806
5744.0000 360 246 0.6833
5745.0000 360 247 0.6861
5746.0000 360 248 0.6889
5747.0000 360 249 0.6917
5748.0000 360 250 0.6944
5749.0000 360 251 0.6972
5750.0000 360 252 0.7000
5751.0000 360 253 0.7028
5752.0000 360 254 0.7056
5753.0000 360 255 0.7083
7302.0000 360 256 0.7111
7773.0000 360 257 0.7139
7796.0000 360 258 0.7167
7909.0000 360 259 0.7194
8306.0000 360 260 0.7222
8552.0000 360 261 0.7250
8643.0000 360 262 0.7278
9165.0000 360 263 0.7306
10053.0000 360 264 0.7333
10093.0000 360 265 0.7361
10273.0000 360 266 0.7389
11306.0000 360 267 0.7417
11310.0000 360 268 0.7444
11405.0000 360 269 0.7472
11663.0000 360 270 0.7500
11715.0000 360 271 0.7528
11732.0000 360 272 0.7556
12733.0000 360 273 0.7583
12808.0000 360 274 0.7611
13742.0000 360 275 0.7639
13757.0000 360 276 0.7667
13938.0000 360 277 0.7694
13953.0000 360 278 0.7722
13965.0000 360 279 0.7750
13966.0000 360 280 0.7778
13967.0000 360 281 0.7806
13968.0000 360 282 0.7833
13969.0000 360 283 0.7861
13970.0000 360 284 0.7889
13971.0000 360 285 0.7917
13972.0000 360 286 0.7944
13973.0000 360 287 0.7972
13974.0000 360 288 0.8000
13975.0000 360 289 0.8028
13976.0000 360 290 0.8056
13977.0000 360 291 0.8083
13978.0000 360 292 0.8111
13979.0000 360 293 0.8139
13980.0000 360 294 0.8167
13981.0000 360 295 0.8194
14602.0000 360 296 0.8222
14805.0000 360 297 0.8250
14924.0000 360 298 0.8278
15505.0000 360 299 0.8306
15546.0000 360 300 0.8333
15548.0000 360 301 0.8361
15743.0000 360 302 0.8389
15771.0000 360 303 0.8417
15838.0000 360 304 0.8444
15881.0000 360 305 0.8472
16128.0000 360 306 0.8500
16170.0000 360 307 0.8528
16178.0000 360 308 0.8556
16289.0000 360 309 0.8583
16354.0000 360 310 0.8611
16355.0000 360 311 0.8639
16425.0000 360 312 0.8667
16484.0000 360 313 0.8694
16523.0000 360 314 0.8722
16635.0000 360 315 0.8750
16950.0000 360 316 0.8778
17520.0000 360 317 0.8806
19142.0000 360 318 0.8833
19146.0000 360 319 0.8861
19253.0000 360 320 0.8889
19655.0000 360 321 0.8917
19662.0000 360 322 0.8944
20134.0000 360 323 0.8972
20287.0000 360 324 0.9000
20711.0000 360 325 0.9028
20952.0000 360 326 0.9056
21438.0000 360 327 0.9083
21439.0000 360 328 0.9111
21440.0000 360 329 0.9139
21441.0000 360 330 0.9167
21442.0000 360 331 0.9194
21443.0000 360 332 0.9222
21444.0000 360 333 0.9250
21445.0000 360 334 0.9278
21446.0000 360 335 0.9306
21447.0000 360 336 0.9333
21448.0000 360 337 0.9361
21449.0000 360 338 0.9389
21450.0000 360 339 0.9417
21451.0000 360 340 0.9444
21452.0000 360 341 0.9472
21453.0000 360 342 0.9500
21454.0000 360 343 0.9528
21455.0000 360 344 0.9556
21456.0000 360 345 0.9583
21457.0000 360 346 0.9611
21458.0000 360 347 0.9639
21459.0000 360 348 0.9667
21460.0000 360 349 0.9694
21461.0000 360 350 0.9722
21462.0000 360 351 0.9750
21463.0000 360 352 0.9778
21464.0000 360 353 0.9806
21465.0000 360 354 0.9833
21466.0000 360 355 0.9861
21467.0000 360 356 0.9889
21468.0000 360 357 0.9917
21469.0000 360 358 0.9944
21470.0000 360 359 0.9972
21471.0000 360 360 1.0000
