# time  created  delivered  delivered/created
3601.0000 1 0 0.0000
3602.0000 2 0 0.0000
3603.0000 3 0 0.0000
3604.0000 4 0 0.0000
3605.0000 5 0 0.0000
3606.0000 6 0 0.0000
3607.0000 7 0 0.0000
3608.0000 8 0 0.0000
3609.0000 9 0 0.0000
3609.0000 9 1 0.1111
3610.0000 10 1 0.1000
3611.0000 11 1 0.0909
3612.0000 12 1 0.0833
3613.0000 13 1 0.0769
3614.0000 14 1 0.0714
3615.0000 15 1 0.0667
3616.0000 16 1 0.0625
3617.0000 17 1 0.0588
3618.0000 18 1 0.0556
3619.0000 19 1 0.0526
3620.0000 20 1 0.0500
3621.0000 21 1 0.0476
3622.0000 22 1 0.0455
3623.0000 23 1 0.0435
3624.0000 24 1 0.0417
3625.0000 25 1 0.0400
3626.0000 26 1 0.0385
3627.0000 27 1 0.0370
3628.0000 28 1 0.0357
3628.0000 28 2 0.0714
3629.0000 29 2 0.0690
3630.0000 30 2 0.0667
3631.0000 31 2 0.0645
3632.0000 32 2 0.0625
3633.0000 33 2 0.0606
3634.0000 34 2 0.0588
3635.0000 35 2 0.0571
3636.0000 36 2 0.0556
3637.0000 37 2 0.0541
3638.0000 38 2 0.0526
3639.0000 39 2 0.0513
3640.0000 40 2 0.0500
3641.0000 41 2 0.0488
3642.0000 42 2 0.0476
3643.0000 43 2 0.0465
3644.0000 44 2 0.0455
3645.0000 45 2 0.0444
3646.0000 46 2 0.0435
3647.0000 47 2 0.0426
3648.0000 48 2 0.0417
3649.0000 49 2 0.0408
3650.0000 50 2 0.0400
3651.0000 51 2 0.0392
3652.0000 52 2 0.0385
3653.0000 53 2 0.0377
3654.0000 54 2 0.0370
3655.0000 55 2 0.0364
3656.0000 56 2 0.0357
3657.0000 57 2 0.0351
3658.0000 58 2 0.0345
3659.0000 59 2 0.0339
3659.5000 59 3 0.0508
3660.0000 60 3 0.0500
3661.0000 61 3 0.0492
3662.0000 62 3 0.0484
3663.0000 63 3 0.0476
3664.0000 64 3 0.0469
3665.0000 65 3 0.0462
3666.0000 66 3 0.0455
3667.0000 67 3 0.0448
3668.0000 68 3 0.0441
3669.0000 69 3 0.0435
3670.0000 70 3 0.0429
3671.0000 71 3 0.0423
3671.5000 71 4 0.0563
3672.0000 72 4 0.0556
3673.0000 73 4 0.0548
3674.0000 74 4 0.0541
3675.0000 75 4 0.0533
3676.0000 76 4 0.0526
3677.0000 77 4 0.0519
3678.0000 78 4 0.0513
3679.0000 79 4 0.0506
3680.0000 80 4 0.0500
3681.0000 81 4 0.0494
3682.0000 82 4 0.0488
3683.0000 83 4 0.0482
3684.0000 84 4 0.0476
3685.0000 85 4 0.0471
3686.0000 86 4 0.0465
3687.0000 87 4 0.0460
3688.0000 88 4 0.0455
3689.0000 89 4 0.0449
3690.0000 90 4 0.0444
3691.0000 91 4 0.0440
3692.0000 92 4 0.0435
3693.0000 93 4 0.0430
3694.0000 94 4 0.0426
3695.0000 95 4 0.0421
3696.0000 96 4 0.0417
3697.0000 97 4 0.0412
3698.0000 98 4 0.0408
3699.0000 99 4 0.0404
3700.0000 100 4 0.0400
3701.0000 101 4 0.0396
3702.0000 102 4 0.0392
3703.0000 103 4 0.0388
3704.0000 104 4 0.0385
3704.5000 104 5 0.0481
3705.0000 105 5 0.0476
3706.0000 106 5 0.0472
3707.0000 107 5 0.0467
3708.0000 108 5 0.0463
3709.0000 109 5 0.0459
3709.0000 109 6 0.0550
3710.0000 110 6 0.0545
3711.0000 111 6 0.0541
3712.0000 112 6 0.0536
3713.0000 113 6 0.0531
3714.0000 114 6 0.0526
3715.0000 115 6 0.0522
3716.0000 116 6 0.0517
3717.0000 117 6 0.0513
3718.0000 118 6 0.0508
3719.0000 119 6 0.0504
3719.0000 119 7 0.0588
3720.0000 120 7 0.0583
3721.0000 121 7 0.0579
3722.0000 122 7 0.0574
3723.0000 123 7 0.0569
3724.0000 124 7 0.0565
3725.0000 125 7 0.0560
3726.0000 126 7 0.0556
3727.0000 127 7 0.0551
3728.0000 128 7 0.0547
3728.0000 128 8 0.0625
3729.0000 129 8 0.0620
3730.0000 130 8 0.0615
3731.0000 131 8 0.0611
3732.0000 132 8 0.0606
3733.0000 133 8 0.0602
3734.0000 134 8 0.0597
3735.0000 135 8 0.0593
3736.0000 136 8 0.0588
3737.0000 137 8 0.0584
3738.0000 138 8 0.0580
3738.5000 138 9 0.0652
3739.0000 139 9 0.0647
3740.0000 140 9 0.0643
3741.0000 141 9 0.0638
3742.0000 142 9 0.0634
3742.0000 142 10 0.0704
3743.0000 143 10 0.0699
3744.0000 144 10 0.0694
3745.0000 145 10 0.0690
3746.0000 146 10 0.0685
3747.0000 147 10 0.0680
3748.0000 148 10 0.0676
3748.0000 148 11 0.0743
3749.0000 149 11 0.0738
3750.0000 150 11 0.0733
3751.0000 151 11 0.0728
3752.0000 152 11 0.0724
3753.0000 153 11 0.0719
3754.0000 154 11 0.0714
3755.0000 155 11 0.0710
3756.0000 156 11 0.0705
3757.0000 157 11 0.0701
3758.0000 158 11 0.0696
3759.0000 159 11 0.0692
3760.0000 160 11 0.0688
3761.0000 161 11 0.0683
3762.0000 162 11 0.0679
3762.0000 162 12 0.0741
3763.0000 163 12 0.0736
3764.0000 164 12 0.0732
3765.0000 165 12 0.0727
3766.0000 166 12 0.0723
3766.5000 166 13 0.0783
3767.0000 167 13 0.0778
3768.0000 168 13 0.0774
3769.0000 169 13 0.0769
3770.0000 170 13 0.0765
3771.0000 171 13 0.0760
3772.0000 172 13 0.0756
3773.0000 173 13 0.0751
3774.0000 174 13 0.0747
3775.0000 175 13 0.0743
3776.0000 176 13 0.0739
3777.0000 177 13 0.0734
3778.0000 178 13 0.0730
3779.0000 179 13 0.0726
3780.0000 180 13 0.0722
3781.0000 181 13 0.0718
3782.0000 182 13 0.0714
3783.0000 183 13 0.0710
3784.0000 184 13 0.0707
3785.0000 185 13 0.0703
3786.0000 186 13 0.0699
3787.0000 187 13 0.0695
3788.0000 188 13 0.0691
3789.0000 189 13 0.0688
3790.0000 190 13 0.0684
3791.0000 191 13 0.0681
3792.0000 192 13 0.0677
3793.0000 193 13 0.0674
3794.0000 194 13 0.0670
3795.0000 195 13 0.0667
3796.0000 196 13 0.0663
3797.0000 197 13 0.0660
3798.0000 198 13 0.0657
3799.0000 199 13 0.0653
3800.0000 200 13 0.0650
3801.0000 201 13 0.0647
3802.0000 202 13 0.0644
3803.0000 203 13 0.0640
3803.0000 203 14 0.0690
3804.0000 204 14 0.0686
3805.0000 205 14 0.0683
3806.0000 206 14 0.0680
3807.0000 207 14 0.0676
3808.0000 208 14 0.0673
3809.0000 209 14 0.0670
3810.0000 210 14 0.0667
3810.5000 210 15 0.0714
3811.0000 211 15 0.0711
3811.0000 211 16 0.0758
3812.0000 212 16 0.0755
3813.0000 213 16 0.0751
3814.0000 214 16 0.0748
3814.0000 214 17 0.0794
3815.0000 215 17 0.0791
3816.0000 216 17 0.0787
3817.0000 217 17 0.0783
3818.0000 218 17 0.0780
3819.0000 219 17 0.0776
3820.0000 220 17 0.0773
3821.0000 221 17 0.0769
3822.0000 222 17 0.0766
3823.0000 223 17 0.0762
3824.0000 224 17 0.0759
3825.0000 225 17 0.0756
3826.0000 226 17 0.0752
3827.0000 227 17 0.0749
3828.0000 228 17 0.0746
3828.5000 228 18 0.0789
3829.0000 229 18 0.0786
3830.0000 230 18 0.0783
3831.0000 231 18 0.0779
3832.0000 232 18 0.0776
3833.0000 233 18 0.0773
3834.0000 234 18 0.0769
3862.0000 234 19 0.0812
4145.5000 234 20 0.0855
4278.5000 234 21 0.0897
4451.5000 234 22 0.0940
4494.0000 234 23 0.0983
4991.0000 234 24 0.1026
5183.5000 234 25 0.1068
5342.5000 234 26 0.1111
5600.0000 234 27 0.1154
5656.0000 234 28 0.1197
5674.5000 234 29 0.1239
5766.0000 234 30 0.1282
5819.0000 234 31 0.1325
5850.0000 234 32 0.1368
5986.0000 234 33 0.1410
6075.0000 234 34 0.1453
6079.5000 234 35 0.1496
6080.0000 234 36 0.1538
6086.0000 234 37 0.1581
6090.5000 234 38 0.1624
6150.0000 234 39 0.1667
6157.0000 234 40 0.1709
6162.5000 234 41 0.1752
6235.5000 234 42 0.1795
6292.5000 234 43 0.1838
6303.0000 234 44 0.1880
6306.5000 234 45 0.1923
6333.0000 234 46 0.1966
6389.5000 234 47 0.2009
6460.0000 234 48 0.2051
6460.5000 234 49 0.2094
6461.0000 234 50 0.2137
6495.5000 234 51 0.2179
6521.5000 234 52 0.2222
6552.0000 234 53 0.2265
6609.0000 234 54 0.2308
6622.0000 234 55 0.2350
6669.0000 234 56 0.2393
6677.0000 234 57 0.2436
6730.0000 234 58 0.2479
6769.5000 234 59 0.2521
6774.0000 234 60 0.2564
6792.5000 234 61 0.2607
6814.0000 234 62 0.2650
6976.5000 234 63 0.2692
7035.0000 234 64 0.2735
7088.5000 234 65 0.2778
7169.0000 234 66 0.2821
7190.5000 234 67 0.2863
7203.5000 234 68 0.2906
7225.0000 234 69 0.2949
7245.5000 234 70 0.2991
7257.0000 234 71 0.3034
7322.5000 234 72 0.3077
7323.0000 234 73 0.3120
7494.0000 234 74 0.3162
7580.5000 234 75 0.3205
7619.5000 234 76 0.3248
7620.0000 234 77 0.3291
7696.5000 234 78 0.3333
7793.0000 234 79 0.3376
7826.0000 234 80 0.3419
7852.5000 234 81 0.3462
7858.0000 234 82 0.3504
7858.5000 234 83 0.3547
7859.0000 234 84 0.3590
7906.0000 234 85 0.3632
8078.5000 234 86 0.3675
8103.5000 234 87 0.3718
8104.5000 234 88 0.3761
8139.5000 234 89 0.3803
8208.0000 234 90 0.3846
8227.5000 234 91 0.3889
8420.5000 234 92 0.3932
8470.0000 234 93 0.3974
8485.5000 234 94 0.4017
8486.0000 234 95 0.4060
8486.5000 234 96 0.4103
8487.5000 234 97 0.4145
8488.0000 234 98 0.4188
8488.5000 234 99 0.4231
8489.0000 234 100 0.4274
8553.0000 234 101 0.4316
8567.5000 234 102 0.4359
8567.5000 234 103 0.4402
8569.5000 234 104 0.4444
8570.0000 234 105 0.4487
8570.5000 234 106 0.4530
8603.0000 234 107 0.4573
8628.0000 234 108 0.4615
8704.0000 234 109 0.4658
8714.5000 234 110 0.4701
8795.0000 234 111 0.4744
8833.5000 234 112 0.4786
8840.5000 234 113 0.4829
8859.0000 234 114 0.4872
8882.5000 234 115 0.4915
8916.5000 234 116 0.4957
8986.5000 234 117 0.5000
9081.5000 234 118 0.5043
9128.0000 234 119 0.5085
9190.5000 234 120 0.5128
9350.0000 234 121 0.5171
9381.5000 234 122 0.5214
9506.0000 234 123 0.5256
9607.0000 234 124 0.5299
9664.0000 234 125 0.5342
9728.5000 234 126 0.5385
9751.0000 234 127 0.5427
9919.0000 234 128 0.5470
9951.0000 234 129 0.5513
9974.0000 234 130 0.5556
10004.5000 234 131 0.5598
10052.5000 234 132 0.5641
10229.5000 234 133 0.5684
10364.5000 234 134 0.5726
10415.5000 234 135 0.5769
10432.0000 234 136 0.5812
10508.0000 234 137 0.5855
10553.5000 234 138 0.5897
10565.5000 234 139 0.5940
10607.0000 234 140 0.5983
10640.5000 234 141 0.6026
10766.5000 234 142 0.6068
10833.0000 234 143 0.6111
10833.5000 234 144 0.6154
10834.0000 234 145 0.6197
10895.0000 234 146 0.6239
10958.5000 234 147 0.6282
10995.5000 234 148 0.6325
11047.5000 234 149 0.6368
11092.5000 234 150 0.6410
11142.0000 234 151 0.6453
11195.5000 234 152 0.6496
11221.0000 234 153 0.6538
11291.5000 234 154 0.6581
11453.0000 234 155 0.6624
11607.0000 234 156 0.6667
11656.0000 234 157 0.6709
11666.5000 234 158 0.6752
11749.0000 234 159 0.6795
11944.0000 234 160 0.6838
11984.0000 234 161 0.6880
12021.0000 234 162 0.6923
12050.5000 234 163 0.6966
12078.0000 234 164 0.7009
12117.0000 234 165 0.7051
12124.5000 234 166 0.7094
12191.5000 234 167 0.7137
12226.0000 234 168 0.7179
12240.5000 234 169 0.7222
12541.0000 234 170 0.7265
12568.5000 234 171 0.7308
12599.5000 234 172 0.7350
12662.0000 234 173 0.7393
12680.0000 234 174 0.7436
12694.5000 234 175 0.7479
12713.5000 234 176 0.7521
12738.5000 234 177 0.7564
12758.5000 234 178 0.7607
12759.5000 234 179 0.7650
12760.5000 234 180 0.7692
12761.0000 234 181 0.7735
12762.0000 234 182 0.7778
12763.0000 234 183 0.7821
12764.0000 234 184 0.7863
12765.0000 234 185 0.7906
12766.0000 234 186 0.7949
12767.0000 234 187 0.7991
12768.0000 234 188 0.8034
12769.0000 234 189 0.8077
12828.5000 234 190 0.8120
12860.5000 234 191 0.8162
12894.5000 234 192 0.8205
13059.5000 234 193 0.8248
13285.0000 234 194 0.8291
13431.0000 234 195 0.8333
13510.5000 234 196 0.8376
13702.5000 234 197 0.8419
13811.5000 234 198 0.8462
13853.5000 234 199 0.8504
13933.5000 234 200 0.8547
14404.0000 234 201 0.8590
14518.0000 234 202 0.8632
14520.0000 234 203 0.8675
14523.0000 234 204 0.8718
14637.0000 234 205 0.8761
14638.0000 234 206 0.8803
14726.0000 234 207 0.8846
14729.5000 234 208 0.8889
14761.0000 234 209 0.8932
14974.0000 234 210 0.8974
