# time  created  delivered  delivered/created
3601.0000 1 0 0.0000
3602.0000 2 0 0.0000
3603.0000 3 0 0.0000
3604.0000 4 0 0.0000
3605.0000 5 0 0.0000
3606.0000 6 0 0.0000
3607.0000 7 0 0.0000
3608.0000 8 0 0.0000
3609.0000 9 0 0.0000
3609.0000 9 1 0.1111
3610.0000 10 1 0.1000
3611.0000 11 1 0.0909
3612.0000 12 1 0.0833
3613.0000 13 1 0.0769
3614.0000 14 1 0.0714
3615.0000 15 1 0.0667
3616.0000 16 1 0.0625
3617.0000 17 1 0.0588
3618.0000 18 1 0.0556
3619.0000 19 1 0.0526
3620.0000 20 1 0.0500
3621.0000 21 1 0.0476
3622.0000 22 1 0.0455
3623.0000 23 1 0.0435
3624.0000 24 1 0.0417
3625.0000 25 1 0.0400
3626.0000 26 1 0.0385
3627.0000 27 1 0.0370
3628.0000 28 1 0.0357
3629.0000 29 1 0.0345
3630.0000 30 1 0.0333
3631.0000 31 1 0.0323
3632.0000 32 1 0.0313
3633.0000 33 1 0.0303
3634.0000 34 1 0.0294
3635.0000 35 1 0.0286
3636.0000 36 1 0.0278
3637.0000 37 1 0.0270
3638.0000 38 1 0.0263
3639.0000 39 1 0.0256
3640.0000 40 1 0.0250
3641.0000 41 1 0.0244
3642.0000 42 1 0.0238
3643.0000 43 1 0.0233
3644.0000 44 1 0.0227
3645.0000 45 1 0.0222
3646.0000 46 1 0.0217
3647.0000 47 1 0.0213
3648.0000 48 1 0.0208
3649.0000 49 1 0.0204
3650.0000 50 1 0.0200
3651.0000 51 1 0.0196
3652.0000 52 1 0.0192
3653.0000 53 1 0.0189
3654.0000 54 1 0.0185
3655.0000 55 1 0.0182
3656.0000 56 1 0.0179
3657.0000 57 1 0.0175
3658.0000 58 1 0.0172
3659.0000 59 1 0.0169
3660.0000 60 1 0.0167
3661.0000 61 1 0.0164
3662.0000 62 1 0.0161
3663.0000 63 1 0.0159
3663.5000 63 2 0.0317
3664.0000 64 2 0.0313
3665.0000 65 2 0.0308
3666.0000 66 2 0.0303
3667.0000 67 2 0.0299
3668.0000 68 2 0.0294
3669.0000 69 2 0.0290
3670.0000 70 2 0.0286
3671.0000 71 2 0.0282
3672.0000 72 2 0.0278
3673.0000 73 2 0.0274
3674.0000 74 2 0.0270
3675.0000 75 2 0.0267
3676.0000 76 2 0.0263
3677.0000 77 2 0.0260
3678.0000 78 2 0.0256
3679.0000 79 2 0.0253
3680.0000 80 2 0.0250
3681.0000 81 2 0.0247
3682.0000 82 2 0.0244
3683.0000 83 2 0.0241
3684.0000 84 2 0.0238
3684.0000 84 3 0.0357
3685.0000 85 3 0.0353
3686.0000 86 3 0.0349
3687.0000 87 3 0.0345
3688.0000 88 3 0.0341
3689.0000 89 3 0.0337
3690.0000 90 3 0.0333
3691.0000 91 3 0.0330
3692.0000 92 3 0.0326
3693.0000 93 3 0.0323
3694.0000 94 3 0.0319
3695.0000 95 3 0.0316
3696.0000 96 3 0.0313
3697.0000 97 3 0.0309
3698.0000 98 3 0.0306
3699.0000 99 3 0.0303
3700.0000 100 3 0.0300
3701.0000 101 3 0.0297
3702.0000 102 3 0.0294
3703.0000 103 3 0.0291
3704.0000 104 3 0.0288
3705.0000 105 3 0.0286
3705.5000 105 4 0.0381
3706.0000 106 4 0.0377
3707.0000 107 4 0.0374
3708.0000 108 4 0.0370
3709.0000 109 4 0.0367
3710.0000 110 4 0.0364
3711.0000 111 4 0.0360
3712.0000 112 4 0.0357
3713.0000 113 4 0.0354
3713.5000 113 5 0.0442
3714.0000 114 5 0.0439
3715.0000 115 5 0.0435
3716.0000 116 5 0.0431
3717.0000 117 5 0.0427
3718.0000 118 5 0.0424
3719.0000 119 5 0.0420
3720.0000 120 5 0.0417
3721.0000 121 5 0.0413
3722.0000 122 5 0.0410
3723.0000 123 5 0.0407
3724.0000 124 5 0.0403
3725.0000 125 5 0.0400
3726.0000 126 5 0.0397
3727.0000 127 5 0.0394
3728.0000 128 5 0.0391
3729.0000 129 5 0.0388
3730.0000 130 5 0.0385
3731.0000 131 5 0.0382
3732.0000 132 5 0.0379
3733.0000 133 5 0.0376
3734.0000 134 5 0.0373
3735.0000 135 5 0.0370
3736.0000 136 5 0.0368
3736.0000 136 6 0.0441
3737.0000 137 6 0.0438
3738.0000 138 6 0.0435
3739.0000 139 6 0.0432
3740.0000 140 6 0.0429
3741.0000 141 6 0.0426
3742.0000 142 6 0.0423
3743.0000 143 6 0.0420
3744.0000 144 6 0.0417
3745.0000 145 6 0.0414
3746.0000 146 6 0.0411
3747.0000 147 6 0.0408
3748.0000 148 6 0.0405
3749.0000 149 6 0.0403
3750.0000 150 6 0.0400
3751.0000 151 6 0.0397
3752.0000 152 6 0.0395
3753.0000 153 6 0.0392
3753.0000 153 7 0.0458
3754.0000 154 7 0.0455
3755.0000 155 7 0.0452
3756.0000 156 7 0.0449
3757.0000 157 7 0.0446
3758.0000 158 7 0.0443
3759.0000 159 7 0.0440
3760.0000 160 7 0.0438
3761.0000 161 7 0.0435
3762.0000 162 7 0.0432
3763.0000 163 7 0.0429
3764.0000 164 7 0.0427
3765.0000 165 7 0.0424
3766.0000 166 7 0.0422
3767.0000 167 7 0.0419
3768.0000 168 7 0.0417
3769.0000 169 7 0.0414
3770.0000 170 7 0.0412
3771.0000 171 7 0.0409
3772.0000 172 7 0.0407
3773.0000 173 7 0.0405
3774.0000 174 7 0.0402
3775.0000 175 7 0.0400
3776.0000 176 7 0.0398
3777.0000 177 7 0.0395
3778.0000 178 7 0.0393
3779.0000 179 7 0.0391
3780.0000 180 7 0.0389
3781.0000 181 7 0.0387
3782.0000 182 7 0.0385
3783.0000 183 7 0.0383
3784.0000 184 7 0.0380
3785.0000 185 7 0.0378
3786.0000 186 7 0.0376
3787.0000 187 7 0.0374
3788.0000 188 7 0.0372
3789.0000 189 7 0.0370
3790.0000 190 7 0.0368
3791.0000 191 7 0.0366
3792.0000 192 7 0.0365
3793.0000 193 7 0.0363
3794.0000 194 7 0.0361
3795.0000 195 7 0.0359
3796.0000 196 7 0.0357
3797.0000 197 7 0.0355
3798.0000 198 7 0.0354
3799.0000 199 7 0.0352
3800.0000 200 7 0.0350
3801.0000 201 7 0.0348
3802.0000 202 7 0.0347
3803.0000 203 7 0.0345
3804.0000 204 7 0.0343
3805.0000 205 7 0.0341
3806.0000 206 7 0.0340
3807.0000 207 7 0.0338
3808.0000 208 7 0.0337
3809.0000 209 7 0.0335
3810.0000 210 7 0.0333
3811.0000 211 7 0.0332
3812.0000 212 7 0.0330
3813.0000 213 7 0.0329
3814.0000 214 7 0.0327
3815.0000 215 7 0.0326
3816.0000 216 7 0.0324
3817.0000 217 7 0.0323
3818.0000 218 7 0.0321
3819.0000 219 7 0.0320
3820.0000 220 7 0.0318
3821.0000 221 7 0.0317
3822.0000 222 7 0.0315
3823.0000 223 7 0.0314
3824.0000 224 7 0.0313
3825.0000 225 7 0.0311
3826.0000 226 7 0.0310
3827.0000 227 7 0.0308
3828.0000 228 7 0.0307
3829.0000 229 7 0.0306
3830.0000 230 7 0.0304
3831.0000 231 7 0.0303
3832.0000 232 7 0.0302
3833.0000 233 7 0.0300
3834.0000 234 7 0.0299
6044.0000 234 8 0.0342
6389.5000 234 9 0.0385
6402.5000 234 10 0.0427
6758.0000 234 11 0.0470
8049.5000 234 12 0.0513
8630.0000 234 13 0.0556
9708.5000 234 14 0.0598
10832.5000 234 15 0.0641
10833.0000 234 16 0.0684
