# time  created  delivered  delivered/created
3601.0000 1 0 0.0000
3602.0000 2 0 0.0000
3603.0000 3 0 0.0000
3604.0000 4 0 0.0000
3605.0000 5 0 0.0000
3606.0000 6 0 0.0000
3607.0000 7 0 0.0000
3608.0000 8 0 0.0000
3608.5000 8 1 0.1250
3609.0000 9 1 0.1111
3610.0000 10 1 0.1000
3611.0000 11 1 0.0909
3612.0000 12 1 0.0833
3613.0000 13 1 0.0769
3614.0000 14 1 0.0714
3615.0000 15 1 0.0667
3616.0000 16 1 0.0625
3617.0000 17 1 0.0588
3618.0000 18 1 0.0556
3619.0000 19 1 0.0526
3620.0000 20 1 0.0500
3621.0000 21 1 0.0476
3622.0000 22 1 0.0455
3623.0000 23 1 0.0435
3624.0000 24 1 0.0417
3625.0000 25 1 0.0400
3626.0000 26 1 0.0385
3627.0000 27 1 0.0370
3628.0000 28 1 0.0357
3629.0000 29 1 0.0345
3630.0000 30 1 0.0333
3631.0000 31 1 0.0323
3632.0000 32 1 0.0313
3633.0000 33 1 0.0303
3634.0000 34 1 0.0294
3635.0000 35 1 0.0286
3636.0000 36 1 0.0278
3637.0000 37 1 0.0270
3638.0000 38 1 0.0263
3639.0000 39 1 0.0256
3640.0000 40 1 0.0250
3641.0000 41 1 0.0244
3642.0000 42 1 0.0238
3643.0000 43 1 0.0233
3644.0000 44 1 0.0227
3645.0000 45 1 0.0222
3646.0000 46 1 0.0217
3647.0000 47 1 0.0213
3648.0000 48 1 0.0208
3649.0000 49 1 0.0204
3650.0000 50 1 0.0200
3651.0000 51 1 0.0196
3652.0000 52 1 0.0192
3653.0000 53 1 0.0189
3654.0000 54 1 0.0185
3655.0000 55 1 0.0182
3656.0000 56 1 0.0179
3657.0000 57 1 0.0175
3658.0000 58 1 0.0172
3659.0000 59 1 0.0169
3660.0000 60 1 0.0167
3661.0000 61 1 0.0164
3662.0000 62 1 0.0161
3663.0000 63 1 0.0159
3664.0000 64 1 0.0156
3665.0000 65 1 0.0154
3666.0000 66 1 0.0152
3667.0000 67 1 0.0149
3668.0000 68 1 0.0147
3669.0000 69 1 0.0145
3670.0000 70 1 0.0143
3671.0000 71 1 0.0141
3672.0000 72 1 0.0139
3673.0000 73 1 0.0137
3674.0000 74 1 0.0135
3675.0000 75 1 0.0133
3676.0000 76 1 0.0132
3677.0000 77 1 0.0130
3678.0000 78 1 0.0128
3679.0000 79 1 0.0127
3680.0000 80 1 0.0125
3681.0000 81 1 0.0123
3682.0000 82 1 0.0122
3683.0000 83 1 0.0120
3684.0000 84 1 0.0119
3685.0000 85 1 0.0118
3686.0000 86 1 0.0116
3687.0000 87 1 0.0115
3688.0000 88 1 0.0114
3689.0000 89 1 0.0112
3690.0000 90 1 0.0111
3691.0000 91 1 0.0110
3692.0000 92 1 0.0109
3693.0000 93 1 0.0108
3694.0000 94 1 0.0106
3695.0000 95 1 0.0105
3696.0000 96 1 0.0104
3697.0000 97 1 0.0103
3698.0000 98 1 0.0102
3699.0000 99 1 0.0101
3700.0000 100 1 0.0100
3701.0000 101 1 0.0099
3702.0000 102 1 0.0098
3703.0000 103 1 0.0097
3704.0000 104 1 0.0096
3705.0000 105 1 0.0095
3706.0000 106 1 0.0094
3707.0000 107 1 0.0093
3708.0000 108 1 0.0093
3709.0000 109 1 0.0092
3710.0000 110 1 0.0091
3711.0000 111 1 0.0090
3712.0000 112 1 0.0089
3713.0000 113 1 0.0088
3714.0000 114 1 0.0088
3715.0000 115 1 0.0087
3716.0000 116 1 0.0086
3717.0000 117 1 0.0085
3718.0000 118 1 0.0085
3719.0000 119 1 0.0084
3720.0000 120 1 0.0083
3721.0000 121 1 0.0083
3722.0000 122 1 0.0082
3723.0000 123 1 0.0081
3724.0000 124 1 0.0081
3725.0000 125 1 0.0080
3726.0000 126 1 0.0079
3727.0000 127 1 0.0079
3728.0000 128 1 0.0078
3729.0000 129 1 0.0078
3730.0000 130 1 0.0077
3731.0000 131 1 0.0076
3732.0000 132 1 0.0076
3733.0000 133 1 0.0075
3734.0000 134 1 0.0075
3735.0000 135 1 0.0074
3736.0000 136 1 0.0074
3737.0000 137 1 0.0073
3738.0000 138 1 0.0072
3739.0000 139 1 0.0072
3740.0000 140 1 0.0071
3741.0000 141 1 0.0071
3742.0000 142 1 0.0070
3743.0000 143 1 0.0070
3744.0000 144 1 0.0069
3745.0000 145 1 0.0069
3746.0000 146 1 0.0068
3747.0000 147 1 0.0068
3748.0000 148 1 0.0068
3749.0000 149 1 0.0067
3750.0000 150 1 0.0067
3751.0000 151 1 0.0066
3752.0000 152 1 0.0066
3753.0000 153 1 0.0065
3754.0000 154 1 0.0065
3755.0000 155 1 0.0065
3756.0000 156 1 0.0064
3757.0000 157 1 0.0064
3758.0000 158 1 0.0063
3759.0000 159 1 0.0063
3760.0000 160 1 0.0063
3761.0000 161 1 0.0062
3762.0000 162 1 0.0062
3763.0000 163 1 0.0061
3764.0000 164 1 0.0061
3765.0000 165 1 0.0061
3766.0000 166 1 0.0060
3767.0000 167 1 0.0060
3768.0000 168 1 0.0060
3769.0000 169 1 0.0059
3770.0000 170 1 0.0059
3771.0000 171 1 0.0058
3772.0000 172 1 0.0058
3773.0000 173 1 0.0058
3774.0000 174 1 0.0057
3775.0000 175 1 0.0057
3776.0000 176 1 0.0057
3777.0000 177 1 0.0056
3778.0000 178 1 0.0056
3779.0000 179 1 0.0056
3780.0000 180 1 0.0056
3781.0000 181 1 0.0055
3782.0000 182 1 0.0055
3783.0000 183 1 0.0055
3784.0000 184 1 0.0054
3785.0000 185 1 0.0054
3786.0000 186 1 0.0054
3787.0000 187 1 0.0053
3788.0000 188 1 0.0053
3789.0000 189 1 0.0053
3790.0000 190 1 0.0053
3791.0000 191 1 0.0052
3792.0000 192 1 0.0052
3793.0000 193 1 0.0052
3794.0000 194 1 0.0052
3795.0000 195 1 0.0051
3796.0000 196 1 0.0051
3797.0000 197 1 0.0051
3798.0000 198 1 0.0051
3799.0000 199 1 0.0050
3800.0000 200 1 0.0050
3801.0000 201 1 0.0050
3802.0000 202 1 0.0050
3803.0000 203 1 0.0049
3804.0000 204 1 0.0049
3805.0000 205 1 0.0049
3806.0000 206 1 0.0049
3807.0000 207 1 0.0048
3808.0000 208 1 0.0048
3809.0000 209 1 0.0048
3810.0000 210 1 0.0048
3811.0000 211 1 0.0047
3812.0000 212 1 0.0047
3813.0000 213 1 0.0047
3814.0000 214 1 0.0047
3815.0000 215 1 0.0047
3816.0000 216 1 0.0046
3817.0000 217 1 0.0046
3818.0000 218 1 0.0046
3819.0000 219 1 0.0046
3820.0000 220 1 0.0045
3821.0000 221 1 0.0045
3822.0000 222 1 0.0045
3823.0000 223 1 0.0045
3824.0000 224 1 0.0045
3825.0000 225 1 0.0044
3826.0000 226 1 0.0044
3827.0000 227 1 0.0044
3828.0000 228 1 0.0044
3829.0000 229 1 0.0044
3830.0000 230 1 0.0043
3831.0000 231 1 0.0043
3832.0000 232 1 0.0043
3833.0000 233 1 0.0043
3834.0000 234 1 0.0043
4575.5000 234 2 0.0085
4585.0000 234 3 0.0128
4716.0000 234 4 0.0171
5797.5000 234 5 0.0214
10830.5000 234 6 0.0256
10831.0000 234 7 0.0299
10831.5000 234 8 0.0342
14052.0000 234 9 0.0385
14836.0000 234 10 0.0427
