# time  created  delivered  delivered/created
3601.0000 1 0 0.0000
3602.0000 2 0 0.0000
3603.0000 3 0 0.0000
3604.0000 4 0 0.0000
3605.0000 5 0 0.0000
3606.0000 6 0 0.0000
3607.0000 7 0 0.0000
3608.0000 8 0 0.0000
3609.0000 9 0 0.0000
3609.0000 9 1 0.1111
3610.0000 10 1 0.1000
3611.0000 11 1 0.0909
3612.0000 12 1 0.0833
3613.0000 13 1 0.0769
3614.0000 14 1 0.0714
3615.0000 15 1 0.0667
3616.0000 16 1 0.0625
3617.0000 17 1 0.0588
3618.0000 18 1 0.0556
3619.0000 19 1 0.0526
3620.0000 20 1 0.0500
3621.0000 21 1 0.0476
3622.0000 22 1 0.0455
3623.0000 23 1 0.0435
3624.0000 24 1 0.0417
3625.0000 25 1 0.0400
3626.0000 26 1 0.0385
3627.0000 27 1 0.0370
3628.0000 28 1 0.0357
3629.0000 29 1 0.0345
3629.5000 29 2 0.0690
3630.0000 30 2 0.0667
3631.0000 31 2 0.0645
3632.0000 32 2 0.0625
3633.0000 33 2 0.0606
3634.0000 34 2 0.0588
3635.0000 35 2 0.0571
3636.0000 36 2 0.0556
3637.0000 37 2 0.0541
3638.0000 38 2 0.0526
3639.0000 39 2 0.0513
3640.0000 40 2 0.0500
3641.0000 41 2 0.0488
3642.0000 42 2 0.0476
3643.0000 43 2 0.0465
3644.0000 44 2 0.0455
3645.0000 45 2 0.0444
3646.0000 46 2 0.0435
3647.0000 47 2 0.0426
3648.0000 48 2 0.0417
3649.0000 49 2 0.0408
3650.0000 50 2 0.0400
3651.0000 51 2 0.0392
3652.0000 52 2 0.0385
3653.0000 53 2 0.0377
3654.0000 54 2 0.0370
3655.0000 55 2 0.0364
3656.0000 56 2 0.0357
3657.0000 57 2 0.0351
3658.0000 58 2 0.0345
3659.0000 59 2 0.0339
3660.0000 60 2 0.0333
3661.0000 61 2 0.0328
3662.0000 62 2 0.0323
3663.0000 63 2 0.0317
3664.0000 64 2 0.0313
3665.0000 65 2 0.0308
3666.0000 66 2 0.0303
3666.5000 66 3 0.0455
3667.0000 67 3 0.0448
3668.0000 68 3 0.0441
3669.0000 69 3 0.0435
3670.0000 70 3 0.0429
3671.0000 71 3 0.0423
3672.0000 72 3 0.0417
3673.0000 73 3 0.0411
3674.0000 74 3 0.0405
3675.0000 75 3 0.0400
3676.0000 76 3 0.0395
3677.0000 77 3 0.0390
3678.0000 78 3 0.0385
3679.0000 79 3 0.0380
3680.0000 80 3 0.0375
3681.0000 81 3 0.0370
3682.0000 82 3 0.0366
3683.0000 83 3 0.0361
3684.0000 84 3 0.0357
3685.0000 85 3 0.0353
3686.0000 86 3 0.0349
3687.0000 87 3 0.0345
3688.0000 88 3 0.0341
3689.0000 89 3 0.0337
3690.0000 90 3 0.0333
3691.0000 91 3 0.0330
3692.0000 92 3 0.0326
3693.0000 93 3 0.0323
3694.0000 94 3 0.0319
3695.0000 95 3 0.0316
3696.0000 96 3 0.0313
3697.0000 97 3 0.0309
3698.0000 98 3 0.0306
3699.0000 99 3 0.0303
3700.0000 100 3 0.0300
3701.0000 101 3 0.0297
3702.0000 102 3 0.0294
3703.0000 103 3 0.0291
3704.0000 104 3 0.0288
3705.0000 105 3 0.0286
3706.0000 106 3 0.0283
3707.0000 107 3 0.0280
3708.0000 108 3 0.0278
3709.0000 109 3 0.0275
3710.0000 110 3 0.0273
3711.0000 111 3 0.0270
3712.0000 112 3 0.0268
3713.0000 113 3 0.0265
3714.0000 114 3 0.0263
3715.0000 115 3 0.0261
3716.0000 116 3 0.0259
3717.0000 117 3 0.0256
3718.0000 118 3 0.0254
3719.0000 119 3 0.0252
3720.0000 120 3 0.0250
3721.0000 121 3 0.0248
3722.0000 122 3 0.0246
3722.0000 122 4 0.0328
3723.0000 123 4 0.0325
3724.0000 124 4 0.0323
3725.0000 125 4 0.0320
3726.0000 126 4 0.0317
3727.0000 127 4 0.0315
3728.0000 128 4 0.0313
3729.0000 129 4 0.0310
3730.0000 130 4 0.0308
3731.0000 131 4 0.0305
3732.0000 132 4 0.0303
3733.0000 133 4 0.0301
3734.0000 134 4 0.0299
3735.0000 135 4 0.0296
3736.0000 136 4 0.0294
3737.0000 137 4 0.0292
3738.0000 138 4 0.0290
3739.0000 139 4 0.0288
3740.0000 140 4 0.0286
3741.0000 141 4 0.0284
3742.0000 142 4 0.0282
3743.0000 143 4 0.0280
3744.0000 144 4 0.0278
3745.0000 145 4 0.0276
3746.0000 146 4 0.0274
3747.0000 147 4 0.0272
3748.0000 148 4 0.0270
3749.0000 149 4 0.0268
3750.0000 150 4 0.0267
3751.0000 151 4 0.0265
3752.0000 152 4 0.0263
3753.0000 153 4 0.0261
3754.0000 154 4 0.0260
3755.0000 155 4 0.0258
3756.0000 156 4 0.0256
3757.0000 157 4 0.0255
3758.0000 158 4 0.0253
3759.0000 159 4 0.0252
3760.0000 160 4 0.0250
3761.0000 161 4 0.0248
3762.0000 162 4 0.0247
3763.0000 163 4 0.0245
3764.0000 164 4 0.0244
3765.0000 165 4 0.0242
3766.0000 166 4 0.0241
3767.0000 167 4 0.0240
3768.0000 168 4 0.0238
3769.0000 169 4 0.0237
3770.0000 170 4 0.0235
3771.0000 171 4 0.0234
3772.0000 172 4 0.0233
3773.0000 173 4 0.0231
3774.0000 174 4 0.0230
3775.0000 175 4 0.0229
3776.0000 176 4 0.0227
3777.0000 177 4 0.0226
3778.0000 178 4 0.0225
3779.0000 179 4 0.0223
3780.0000 180 4 0.0222
3781.0000 181 4 0.0221
3782.0000 182 4 0.0220
3783.0000 183 4 0.0219
3784.0000 184 4 0.0217
3785.0000 185 4 0.0216
3786.0000 186 4 0.0215
3786.5000 186 5 0.0269
3787.0000 187 5 0.0267
3788.0000 188 5 0.0266
3789.0000 189 5 0.0265
3790.0000 190 5 0.0263
3791.0000 191 5 0.0262
3792.0000 192 5 0.0260
3793.0000 193 5 0.0259
3794.0000 194 5 0.0258
3795.0000 195 5 0.0256
3796.0000 196 5 0.0255
3797.0000 197 5 0.0254
3798.0000 198 5 0.0253
3799.0000 199 5 0.0251
3800.0000 200 5 0.0250
3801.0000 201 5 0.0249
3802.0000 202 5 0.0248
3803.0000 203 5 0.0246
3804.0000 204 5 0.0245
3805.0000 205 5 0.0244
3806.0000 206 5 0.0243
3807.0000 207 5 0.0242
3808.0000 208 5 0.0240
3809.0000 209 5 0.0239
3810.0000 210 5 0.0238
3811.0000 211 5 0.0237
3812.0000 212 5 0.0236
3813.0000 213 5 0.0235
3814.0000 214 5 0.0234
3815.0000 215 5 0.0233
3816.0000 216 5 0.0231
3817.0000 217 5 0.0230
3818.0000 218 5 0.0229
3819.0000 219 5 0.0228
3820.0000 220 5 0.0227
3821.0000 221 5 0.0226
3822.0000 222 5 0.0225
3823.0000 223 5 0.0224
3824.0000 224 5 0.0223
3825.0000 225 5 0.0222
3826.0000 226 5 0.0221
3827.0000 227 5 0.0220
3828.0000 228 5 0.0219
3829.0000 229 5 0.0218
3830.0000 230 5 0.0217
3831.0000 231 5 0.0216
3832.0000 232 5 0.0216
3833.0000 233 5 0.0215
3834.0000 234 5 0.0214
4304.5000 234 6 0.0256
4975.0000 234 7 0.0299
6150.5000 234 8 0.0342
6275.5000 234 9 0.0385
7185.0000 234 10 0.0427
7418.5000 234 11 0.0470
7963.5000 234 12 0.0513
7964.5000 234 13 0.0556
8575.5000 234 14 0.0598
10356.0000 234 15 0.0641
10409.0000 234 16 0.0684
