# time  created  delivered  delivered/created
3601.0000 1 0 0.0000
3602.0000 2 0 0.0000
3603.0000 3 0 0.0000
3604.0000 4 0 0.0000
3605.0000 5 0 0.0000
3606.0000 6 0 0.0000
3607.0000 7 0 0.0000
3608.0000 8 0 0.0000
3608.5000 8 1 0.1250
3609.0000 9 1 0.1111
3610.0000 10 1 0.1000
3611.0000 11 1 0.0909
3612.0000 12 1 0.0833
3613.0000 13 1 0.0769
3614.0000 14 1 0.0714
3615.0000 15 1 0.0667
3616.0000 16 1 0.0625
3617.0000 17 1 0.0588
3618.0000 18 1 0.0556
3619.0000 19 1 0.0526
3620.0000 20 1 0.0500
3621.0000 21 1 0.0476
3622.0000 22 1 0.0455
3623.0000 23 1 0.0435
3624.0000 24 1 0.0417
3625.0000 25 1 0.0400
3626.0000 26 1 0.0385
3627.0000 27 1 0.0370
3628.0000 28 1 0.0357
3629.0000 29 1 0.0345
3629.0000 29 2 0.0690
3630.0000 30 2 0.0667
3631.0000 31 2 0.0645
3632.0000 32 2 0.0625
3633.0000 33 2 0.0606
3634.0000 34 2 0.0588
3635.0000 35 2 0.0571
3636.0000 36 2 0.0556
3637.0000 37 2 0.0541
3638.0000 38 2 0.0526
3639.0000 39 2 0.0513
3640.0000 40 2 0.0500
3641.0000 41 2 0.0488
3642.0000 42 2 0.0476
3643.0000 43 2 0.0465
3644.0000 44 2 0.0455
3645.0000 45 2 0.0444
3646.0000 46 2 0.0435
3647.0000 47 2 0.0426
3648.0000 48 2 0.0417
3649.0000 49 2 0.0408
3650.0000 50 2 0.0400
3651.0000 51 2 0.0392
3652.0000 52 2 0.0385
3653.0000 53 2 0.0377
3654.0000 54 2 0.0370
3655.0000 55 2 0.0364
3656.0000 56 2 0.0357
3657.0000 57 2 0.0351
3658.0000 58 2 0.0345
3659.0000 59 2 0.0339
3660.0000 60 2 0.0333
3661.0000 61 2 0.0328
3662.0000 62 2 0.0323
3663.0000 63 2 0.0317
3664.0000 64 2 0.0313
3665.0000 65 2 0.0308
3666.0000 66 2 0.0303
3667.0000 67 2 0.0299
3668.0000 68 2 0.0294
3669.0000 69 2 0.0290
3670.0000 70 2 0.0286
3671.0000 71 2 0.0282
3672.0000 72 2 0.0278
3673.0000 73 2 0.0274
3674.0000 74 2 0.0270
3675.0000 75 2 0.0267
3676.0000 76 2 0.0263
3677.0000 77 2 0.0260
3678.0000 78 2 0.0256
3679.0000 79 2 0.0253
3680.0000 80 2 0.0250
3681.0000 81 2 0.0247
3682.0000 82 2 0.0244
3683.0000 83 2 0.0241
3684.0000 84 2 0.0238
3685.0000 85 2 0.0235
3686.0000 86 2 0.0233
3687.0000 87 2 0.0230
3688.0000 88 2 0.0227
3689.0000 89 2 0.0225
3690.0000 90 2 0.0222
3691.0000 91 2 0.0220
3692.0000 92 2 0.0217
3693.0000 93 2 0.0215
3694.0000 94 2 0.0213
3695.0000 95 2 0.0211
3696.0000 96 2 0.0208
3697.0000 97 2 0.0206
3698.0000 98 2 0.0204
3699.0000 99 2 0.0202
3700.0000 100 2 0.0200
3701.0000 101 2 0.0198
3702.0000 102 2 0.0196
3703.0000 103 2 0.0194
3704.0000 104 2 0.0192
3705.0000 105 2 0.0190
3706.0000 106 2 0.0189
3707.0000 107 2 0.0187
3708.0000 108 2 0.0185
3709.0000 109 2 0.0183
3710.0000 110 2 0.0182
3711.0000 111 2 0.0180
3712.0000 112 2 0.0179
3713.0000 113 2 0.0177
3714.0000 114 2 0.0175
3715.0000 115 2 0.0174
3716.0000 116 2 0.0172
3717.0000 117 2 0.0171
3718.0000 118 2 0.0169
3719.0000 119 2 0.0168
3720.0000 120 2 0.0167
3721.0000 121 2 0.0165
3722.0000 122 2 0.0164
3723.0000 123 2 0.0163
3724.0000 124 2 0.0161
3725.0000 125 2 0.0160
3726.0000 126 2 0.0159
3727.0000 127 2 0.0157
3728.0000 128 2 0.0156
3729.0000 129 2 0.0155
3730.0000 130 2 0.0154
3731.0000 131 2 0.0153
3732.0000 132 2 0.0152
3733.0000 133 2 0.0150
3734.0000 134 2 0.0149
3735.0000 135 2 0.0148
3736.0000 136 2 0.0147
3737.0000 137 2 0.0146
3738.0000 138 2 0.0145
3739.0000 139 2 0.0144
3740.0000 140 2 0.0143
3741.0000 141 2 0.0142
3742.0000 142 2 0.0141
3743.0000 143 2 0.0140
3744.0000 144 2 0.0139
3745.0000 145 2 0.0138
3746.0000 146 2 0.0137
3747.0000 147 2 0.0136
3748.0000 148 2 0.0135
3749.0000 149 2 0.0134
3750.0000 150 2 0.0133
3751.0000 151 2 0.0132
3752.0000 152 2 0.0132
3753.0000 153 2 0.0131
3754.0000 154 2 0.0130
3755.0000 155 2 0.0129
3756.0000 156 2 0.0128
3757.0000 157 2 0.0127
3758.0000 158 2 0.0127
3759.0000 159 2 0.0126
3760.0000 160 2 0.0125
3761.0000 161 2 0.0124
3762.0000 162 2 0.0123
3763.0000 163 2 0.0123
3764.0000 164 2 0.0122
3765.0000 165 2 0.0121
3766.0000 166 2 0.0120
3767.0000 167 2 0.0120
3768.0000 168 2 0.0119
3769.0000 169 2 0.0118
3770.0000 170 2 0.0118
3771.0000 171 2 0.0117
3772.0000 172 2 0.0116
3773.0000 173 2 0.0116
3774.0000 174 2 0.0115
3775.0000 175 2 0.0114
3776.0000 176 2 0.0114
3777.0000 177 2 0.0113
3778.0000 178 2 0.0112
3779.0000 179 2 0.0112
3780.0000 180 2 0.0111
3781.0000 181 2 0.0110
3782.0000 182 2 0.0110
3783.0000 183 2 0.0109
3784.0000 184 2 0.0109
3785.0000 185 2 0.0108
3786.0000 186 2 0.0108
3787.0000 187 2 0.0107
3788.0000 188 2 0.0106
3789.0000 189 2 0.0106
3790.0000 190 2 0.0105
3791.0000 191 2 0.0105
3792.0000 192 2 0.0104
3793.0000 193 2 0.0104
3794.0000 194 2 0.0103
3795.0000 195 2 0.0103
3796.0000 196 2 0.0102
3797.0000 197 2 0.0102
3798.0000 198 2 0.0101
3799.0000 199 2 0.0101
3800.0000 200 2 0.0100
3801.0000 201 2 0.0100
3802.0000 202 2 0.0099
3803.0000 203 2 0.0099
3804.0000 204 2 0.0098
3805.0000 205 2 0.0098
3806.0000 206 2 0.0097
3807.0000 207 2 0.0097
3808.0000 208 2 0.0096
3809.0000 209 2 0.0096
3810.0000 210 2 0.0095
3810.5000 210 3 0.0143
3811.0000 211 3 0.0142
3812.0000 212 3 0.0142
3813.0000 213 3 0.0141
3814.0000 214 3 0.0140
3815.0000 215 3 0.0140
3816.0000 216 3 0.0139
3817.0000 217 3 0.0138
3818.0000 218 3 0.0138
3819.0000 219 3 0.0137
3820.0000 220 3 0.0136
3821.0000 221 3 0.0136
3822.0000 222 3 0.0135
3823.0000 223 3 0.0135
3824.0000 224 3 0.0134
3825.0000 225 3 0.0133
3826.0000 226 3 0.0133
3827.0000 227 3 0.0132
3828.0000 228 3 0.0132
3829.0000 229 3 0.0131
3830.0000 230 3 0.0130
3831.0000 231 3 0.0130
3832.0000 232 3 0.0129
3833.0000 233 3 0.0129
3834.0000 234 3 0.0128
4674.5000 234 4 0.0171
4878.0000 234 5 0.0214
5811.5000 234 6 0.0256
5812.0000 234 7 0.0299
6104.5000 234 8 0.0342
8540.0000 234 9 0.0385
12322.0000 234 10 0.0427
13791.5000 234 11 0.0470
