# time  created  delivered  delivered/created
3601.0000 1 0 0.0000
3602.0000 2 0 0.0000
3603.0000 3 0 0.0000
3604.0000 4 0 0.0000
3605.0000 5 0 0.0000
3606.0000 6 0 0.0000
3607.0000 7 0 0.0000
3608.0000 8 0 0.0000
3609.0000 9 0 0.0000
3609.0000 9 1 0.1111
3610.0000 10 1 0.1000
3611.0000 11 1 0.0909
3612.0000 12 1 0.0833
3613.0000 13 1 0.0769
3614.0000 14 1 0.0714
3615.0000 15 1 0.0667
3616.0000 16 1 0.0625
3617.0000 17 1 0.0588
3618.0000 18 1 0.0556
3619.0000 19 1 0.0526
3620.0000 20 1 0.0500
3621.0000 21 1 0.0476
3622.0000 22 1 0.0455
3623.0000 23 1 0.0435
3624.0000 24 1 0.0417
3625.0000 25 1 0.0400
3626.0000 26 1 0.0385
3627.0000 27 1 0.0370
3628.0000 28 1 0.0357
3628.0000 28 2 0.0714
3629.0000 29 2 0.0690
3630.0000 30 2 0.0667
3631.0000 31 2 0.0645
3632.0000 32 2 0.0625
3633.0000 33 2 0.0606
3634.0000 34 2 0.0588
3635.0000 35 2 0.0571
3636.0000 36 2 0.0556
3637.0000 37 2 0.0541
3638.0000 38 2 0.0526
3639.0000 39 2 0.0513
3640.0000 40 2 0.0500
3641.0000 41 2 0.0488
3642.0000 42 2 0.0476
3643.0000 43 2 0.0465
3644.0000 44 2 0.0455
3645.0000 45 2 0.0444
3646.0000 46 2 0.0435
3647.0000 47 2 0.0426
3648.0000 48 2 0.0417
3649.0000 49 2 0.0408
3650.0000 50 2 0.0400
3651.0000 51 2 0.0392
3652.0000 52 2 0.0385
3653.0000 53 2 0.0377
3654.0000 54 2 0.0370
3655.0000 55 2 0.0364
3656.0000 56 2 0.0357
3657.0000 57 2 0.0351
3658.0000 58 2 0.0345
3659.0000 59 2 0.0339
3660.0000 60 2 0.0333
3661.0000 61 2 0.0328
3662.0000 62 2 0.0323
3663.0000 63 2 0.0317
3663.5000 63 3 0.0476
3664.0000 64 3 0.0469
3665.0000 65 3 0.0462
3666.0000 66 3 0.0455
3667.0000 67 3 0.0448
3668.0000 68 3 0.0441
3669.0000 69 3 0.0435
3670.0000 70 3 0.0429
3671.0000 71 3 0.0423
3672.0000 72 3 0.0417
3673.0000 73 3 0.0411
3674.0000 74 3 0.0405
3675.0000 75 3 0.0400
3676.0000 76 3 0.0395
3677.0000 77 3 0.0390
3678.0000 78 3 0.0385
3679.0000 79 3 0.0380
3680.0000 80 3 0.0375
3681.0000 81 3 0.0370
3682.0000 82 3 0.0366
3683.0000 83 3 0.0361
3684.0000 84 3 0.0357
3684.0000 84 4 0.0476
3685.0000 85 4 0.0471
3686.0000 86 4 0.0465
3687.0000 87 4 0.0460
3688.0000 88 4 0.0455
3689.0000 89 4 0.0449
3690.0000 90 4 0.0444
3691.0000 91 4 0.0440
3692.0000 92 4 0.0435
3693.0000 93 4 0.0430
3694.0000 94 4 0.0426
3695.0000 95 4 0.0421
3696.0000 96 4 0.0417
3697.0000 97 4 0.0412
3698.0000 98 4 0.0408
3699.0000 99 4 0.0404
3700.0000 100 4 0.0400
3701.0000 101 4 0.0396
3702.0000 102 4 0.0392
3703.0000 103 4 0.0388
3704.0000 104 4 0.0385
3705.0000 105 4 0.0381
3706.0000 106 4 0.0377
3707.0000 107 4 0.0374
3708.0000 108 4 0.0370
3709.0000 109 4 0.0367
3710.0000 110 4 0.0364
3711.0000 111 4 0.0360
3712.0000 112 4 0.0357
3713.0000 113 4 0.0354
3714.0000 114 4 0.0351
3715.0000 115 4 0.0348
3716.0000 116 4 0.0345
3717.0000 117 4 0.0342
3718.0000 118 4 0.0339
3718.0000 118 5 0.0424
3719.0000 119 5 0.0420
3720.0000 120 5 0.0417
3721.0000 121 5 0.0413
3721.5000 121 6 0.0496
3722.0000 122 6 0.0492
3722.5000 122 7 0.0574
3723.0000 123 7 0.0569
3724.0000 124 7 0.0565
3725.0000 125 7 0.0560
3726.0000 126 7 0.0556
3727.0000 127 7 0.0551
3727.0000 127 8 0.0630
3728.0000 128 8 0.0625
3729.0000 129 8 0.0620
3730.0000 130 8 0.0615
3730.5000 130 9 0.0692
3731.0000 131 9 0.0687
3732.0000 132 9 0.0682
3733.0000 133 9 0.0677
3734.0000 134 9 0.0672
3735.0000 135 9 0.0667
3736.0000 136 9 0.0662
3737.0000 137 9 0.0657
3738.0000 138 9 0.0652
3739.0000 139 9 0.0647
3740.0000 140 9 0.0643
3740.0000 140 10 0.0714
3741.0000 141 10 0.0709
3742.0000 142 10 0.0704
3743.0000 143 10 0.0699
3744.0000 144 10 0.0694
3745.0000 145 10 0.0690
3746.0000 146 10 0.0685
3747.0000 147 10 0.0680
3748.0000 148 10 0.0676
3749.0000 149 10 0.0671
3750.0000 150 10 0.0667
3751.0000 151 10 0.0662
3752.0000 152 10 0.0658
3752.0000 152 11 0.0724
3753.0000 153 11 0.0719
3754.0000 154 11 0.0714
3755.0000 155 11 0.0710
3756.0000 156 11 0.0705
3757.0000 157 11 0.0701
3757.5000 157 12 0.0764
3758.0000 158 12 0.0759
3759.0000 159 12 0.0755
3759.5000 159 13 0.0818
3760.0000 160 13 0.0813
3761.0000 161 13 0.0807
3762.0000 162 13 0.0802
3763.0000 163 13 0.0798
3764.0000 164 13 0.0793
3765.0000 165 13 0.0788
3766.0000 166 13 0.0783
3767.0000 167 13 0.0778
3768.0000 168 13 0.0774
3769.0000 169 13 0.0769
3770.0000 170 13 0.0765
3771.0000 171 13 0.0760
3772.0000 172 13 0.0756
3773.0000 173 13 0.0751
3774.0000 174 13 0.0747
3775.0000 175 13 0.0743
3776.0000 176 13 0.0739
3776.0000 176 14 0.0795
3777.0000 177 14 0.0791
3778.0000 178 14 0.0787
3779.0000 179 14 0.0782
3780.0000 180 14 0.0778
3781.0000 181 14 0.0773
3782.0000 182 14 0.0769
3783.0000 183 14 0.0765
3784.0000 184 14 0.0761
3785.0000 185 14 0.0757
3786.0000 186 14 0.0753
3787.0000 187 14 0.0749
3788.0000 188 14 0.0745
3789.0000 189 14 0.0741
3790.0000 190 14 0.0737
3791.0000 191 14 0.0733
3791.0000 191 15 0.0785
3792.0000 192 15 0.0781
3793.0000 193 15 0.0777
3794.0000 194 15 0.0773
3795.0000 195 15 0.0769
3796.0000 196 15 0.0765
3797.0000 197 15 0.0761
3798.0000 198 15 0.0758
3799.0000 199 15 0.0754
3800.0000 200 15 0.0750
3801.0000 201 15 0.0746
3802.0000 202 15 0.0743
3803.0000 203 15 0.0739
3804.0000 204 15 0.0735
3805.0000 205 15 0.0732
3806.0000 206 15 0.0728
3807.0000 207 15 0.0725
3807.5000 207 16 0.0773
3808.0000 208 16 0.0769
3809.0000 209 16 0.0766
3810.0000 210 16 0.0762
3811.0000 211 16 0.0758
3812.0000 212 16 0.0755
3813.0000 213 16 0.0751
3814.0000 214 16 0.0748
3815.0000 215 16 0.0744
3816.0000 216 16 0.0741
3817.0000 217 16 0.0737
3818.0000 218 16 0.0734
3819.0000 219 16 0.0731
3820.0000 220 16 0.0727
3821.0000 221 16 0.0724
3822.0000 222 16 0.0721
3822.0000 222 17 0.0766
3823.0000 223 17 0.0762
3824.0000 224 17 0.0759
3825.0000 225 17 0.0756
3826.0000 226 17 0.0752
3827.0000 227 17 0.0749
3828.0000 228 17 0.0746
3829.0000 229 17 0.0742
3830.0000 230 17 0.0739
3831.0000 231 17 0.0736
3832.0000 232 17 0.0733
3833.0000 233 17 0.0730
3834.0000 234 17 0.0726
3872.5000 234 18 0.0769
4157.5000 234 19 0.0812
4304.5000 234 20 0.0855
4436.5000 234 21 0.0897
4559.0000 234 22 0.0940
4975.0000 234 23 0.0983
4993.0000 234 24 0.1026
5269.0000 234 25 0.1068
5309.5000 234 26 0.1111
5349.0000 234 27 0.1154
5670.5000 234 28 0.1197
5714.0000 234 29 0.1239
5724.0000 234 30 0.1282
5828.0000 234 31 0.1325
5925.5000 234 32 0.1368
5927.0000 234 33 0.1410
5936.0000 234 34 0.1453
5965.5000 234 35 0.1496
6013.5000 234 36 0.1538
6025.5000 234 37 0.1581
6027.5000 234 38 0.1624
6098.0000 234 39 0.1667
6150.5000 234 40 0.1709
6169.0000 234 41 0.1752
6209.0000 234 42 0.1795
6275.5000 234 43 0.1838
6283.5000 234 44 0.1880
6286.0000 234 45 0.1923
6306.5000 234 46 0.1966
6397.0000 234 47 0.2009
6453.5000 234 48 0.2051
6469.5000 234 49 0.2094
6489.5000 234 50 0.2137
6500.0000 234 51 0.2179
6503.0000 234 52 0.2222
6533.5000 234 53 0.2265
6617.0000 234 54 0.2308
6668.5000 234 55 0.2350
6711.5000 234 56 0.2393
6712.5000 234 57 0.2436
6728.5000 234 58 0.2479
6749.0000 234 59 0.2521
6930.5000 234 60 0.2564
6972.0000 234 61 0.2607
7170.5000 234 62 0.2650
7222.0000 234 63 0.2692
7378.5000 234 64 0.2735
7404.0000 234 65 0.2778
7425.5000 234 66 0.2821
7438.5000 234 67 0.2863
7469.5000 234 68 0.2906
7483.5000 234 69 0.2949
7488.5000 234 70 0.2991
7714.5000 234 71 0.3034
7721.0000 234 72 0.3077
7854.0000 234 73 0.3120
7882.0000 234 74 0.3162
7964.5000 234 75 0.3205
7965.0000 234 76 0.3248
8035.0000 234 77 0.3291
8157.5000 234 78 0.3333
8244.5000 234 79 0.3376
8260.5000 234 80 0.3419
8276.5000 234 81 0.3462
8303.0000 234 82 0.3504
8409.0000 234 83 0.3547
8500.5000 234 84 0.3590
8523.5000 234 85 0.3632
8534.0000 234 86 0.3675
8539.0000 234 87 0.3718
8539.5000 234 88 0.3761
8541.0000 234 89 0.3803
8566.5000 234 90 0.3846
8575.5000 234 91 0.3889
8597.0000 234 92 0.3932
8699.0000 234 93 0.3974
8763.0000 234 94 0.4017
8782.5000 234 95 0.4060
8787.0000 234 96 0.4103
8828.5000 234 97 0.4145
8853.5000 234 98 0.4188
8860.5000 234 99 0.4231
8901.0000 234 100 0.4274
9042.0000 234 101 0.4316
9112.5000 234 102 0.4359
9127.5000 234 103 0.4402
9362.5000 234 104 0.4444
9433.0000 234 105 0.4487
9574.0000 234 106 0.4530
9575.0000 234 107 0.4573
9650.5000 234 108 0.4615
9736.5000 234 109 0.4658
9767.0000 234 110 0.4701
9808.5000 234 111 0.4744
9827.0000 234 112 0.4786
9884.0000 234 113 0.4829
9947.0000 234 114 0.4872
10059.0000 234 115 0.4915
10166.0000 234 116 0.4957
10214.5000 234 117 0.5000
10260.0000 234 118 0.5043
10293.5000 234 119 0.5085
10426.0000 234 120 0.5128
10442.0000 234 121 0.5171
10461.5000 234 122 0.5214
10523.5000 234 123 0.5256
10523.5000 234 124 0.5299
10571.5000 234 125 0.5342
10616.0000 234 126 0.5385
10740.0000 234 127 0.5427
10789.5000 234 128 0.5470
10793.5000 234 129 0.5513
10881.5000 234 130 0.5556
10933.0000 234 131 0.5598
10935.5000 234 132 0.5641
11018.0000 234 133 0.5684
11044.5000 234 134 0.5726
11045.0000 234 135 0.5769
11045.5000 234 136 0.5812
11046.0000 234 137 0.5855
11050.5000 234 138 0.5897
11213.0000 234 139 0.5940
11236.0000 234 140 0.5983
11307.5000 234 141 0.6026
11314.0000 234 142 0.6068
11446.0000 234 143 0.6111
11485.0000 234 144 0.6154
11531.0000 234 145 0.6197
11595.0000 234 146 0.6239
11598.5000 234 147 0.6282
11599.0000 234 148 0.6325
11789.0000 234 149 0.6368
11803.0000 234 150 0.6410
11882.0000 234 151 0.6453
12079.5000 234 152 0.6496
12132.0000 234 153 0.6538
12154.5000 234 154 0.6581
12212.0000 234 155 0.6624
12212.5000 234 156 0.6667
12234.5000 234 157 0.6709
12245.0000 234 158 0.6752
12273.0000 234 159 0.6795
12325.0000 234 160 0.6838
12373.5000 234 161 0.6880
12408.5000 234 162 0.6923
12425.5000 234 163 0.6966
12456.5000 234 164 0.7009
12708.5000 234 165 0.7051
12836.5000 234 166 0.7094
12841.5000 234 167 0.7137
12844.0000 234 168 0.7179
12941.0000 234 169 0.7222
12943.5000 234 170 0.7265
12970.0000 234 171 0.7308
12971.0000 234 172 0.7350
12972.0000 234 173 0.7393
12973.0000 234 174 0.7436
12973.5000 234 175 0.7479
12974.5000 234 176 0.7521
12975.5000 234 177 0.7564
12976.5000 234 178 0.7607
12977.5000 234 179 0.7650
12978.5000 234 180 0.7692
12979.0000 234 181 0.7735
13002.0000 234 182 0.7778
13133.0000 234 183 0.7821
13235.0000 234 184 0.7863
13375.0000 234 185 0.7906
13490.5000 234 186 0.7949
13513.0000 234 187 0.7991
13534.0000 234 188 0.8034
13544.0000 234 189 0.8077
13695.5000 234 190 0.8120
13794.0000 234 191 0.8162
13928.5000 234 192 0.8205
14008.0000 234 193 0.8248
14127.0000 234 194 0.8291
14287.5000 234 195 0.8333
14304.0000 234 196 0.8376
14495.0000 234 197 0.8419
14530.5000 234 198 0.8462
14531.5000 234 199 0.8504
14532.5000 234 200 0.8547
14559.0000 234 201 0.8590
14570.0000 234 202 0.8632
14863.5000 234 203 0.8675
14896.0000 234 204 0.8718
15099.0000 234 205 0.8761
