# time  created  delivered  delivered/created
3601.0000 1 0 0.0000
3602.0000 2 0 0.0000
3603.0000 3 0 0.0000
3604.0000 4 0 0.0000
3604.0000 4 1 0.2500
3605.0000 5 1 0.2000
3605.0000 5 2 0.4000
3606.0000 6 2 0.3333
3606.0000 6 3 0.5000
3607.0000 7 3 0.4286
3607.0000 7 4 0.5714
3608.0000 8 4 0.5000
3608.0000 8 5 0.6250
3609.0000 9 5 0.5556
3609.0000 9 6 0.6667
3610.0000 10 6 0.6000
3610.0000 10 7 0.7000
3611.0000 11 7 0.6364
3612.0000 12 7 0.5833
3613.0000 13 7 0.5385
3613.0000 13 8 0.6154
3614.0000 14 8 0.5714
3615.0000 15 8 0.5333
3615.0000 15 9 0.6000
3616.0000 16 9 0.5625
3616.0000 16 10 0.6250
3617.0000 17 10 0.5882
3618.0000 18 10 0.5556
3619.0000 19 10 0.5263
3619.0000 19 11 0.5789
3620.0000 20 11 0.5500
3620.0000 20 12 0.6000
3621.0000 21 12 0.5714
3622.0000 22 12 0.5455
3622.0000 22 13 0.5909
3623.0000 23 13 0.5652
3624.0000 24 13 0.5417
3624.0000 24 14 0.5833
3625.0000 25 14 0.5600
3625.0000 25 15 0.6000
3626.0000 26 15 0.5769
3627.0000 27 15 0.5556
3627.0000 27 16 0.5926
3627.0000 27 17 0.6296
3628.0000 28 17 0.6071
3628.0000 28 18 0.6429
3629.0000 29 18 0.6207
3629.0000 29 19 0.6552
3630.0000 30 19 0.6333
3630.0000 30 20 0.6667
3631.0000 31 20 0.6452
3632.0000 32 20 0.6250
3632.0000 32 21 0.6563
3633.0000 33 21 0.6364
3634.0000 34 21 0.6176
3634.0000 34 22 0.6471
3635.0000 35 22 0.6286
3636.0000 36 22 0.6111
3636.0000 36 23 0.6389
3637.0000 37 23 0.6216
3638.0000 38 23 0.6053
3638.0000 38 24 0.6316
3639.0000 39 24 0.6154
3639.0000 39 25 0.6410
3640.0000 40 25 0.6250
3641.0000 41 25 0.6098
3641.0000 41 26 0.6341
3642.0000 42 26 0.6190
3643.0000 43 26 0.6047
3644.0000 44 26 0.5909
3644.0000 44 27 0.6136
3645.0000 45 27 0.6000
3645.0000 45 28 0.6222
3646.0000 46 28 0.6087
3646.0000 46 29 0.6304
3647.0000 47 29 0.6170
3647.0000 47 30 0.6383
3648.0000 48 30 0.6250
3649.0000 49 30 0.6122
3649.0000 49 31 0.6327
3650.0000 50 31 0.6200
3651.0000 51 31 0.6078
3652.0000 52 31 0.5962
3653.0000 53 31 0.5849
3654.0000 54 31 0.5741
3655.0000 55 31 0.5636
3655.0000 55 32 0.5818
3655.0000 55 33 0.6000
3656.0000 56 33 0.5893
3656.0000 56 34 0.6071
3657.0000 57 34 0.5965
3657.0000 57 35 0.6140
3658.0000 58 35 0.6034
3658.0000 58 36 0.6207
3659.0000 59 36 0.6102
3659.0000 59 37 0.6271
3660.0000 60 37 0.6167
3660.0000 60 38 0.6333
3661.0000 61 38 0.6230
3661.0000 61 39 0.6393
3662.0000 62 39 0.6290
3662.0000 62 40 0.6452
3663.0000 63 40 0.6349
3664.0000 64 40 0.6250
3664.0000 64 41 0.6406
3665.0000 65 41 0.6308
3666.0000 66 41 0.6212
3666.0000 66 42 0.6364
3667.0000 67 42 0.6269
3667.0000 67 43 0.6418
3668.0000 68 43 0.6324
3668.0000 68 44 0.6471
3669.0000 69 44 0.6377
3669.0000 69 45 0.6522
3670.0000 70 45 0.6429
3670.0000 70 46 0.6571
3671.0000 71 46 0.6479
3671.0000 71 47 0.6620
3672.0000 72 47 0.6528
3672.0000 72 48 0.6667
3673.0000 73 48 0.6575
3673.0000 73 49 0.6712
3674.0000 74 49 0.6622
3674.0000 74 50 0.6757
3675.0000 75 50 0.6667
3675.0000 75 51 0.6800
3676.0000 76 51 0.6711
3677.0000 77 51 0.6623
3678.0000 78 51 0.6538
3679.0000 79 51 0.6456
3679.0000 79 52 0.6582
3680.0000 80 52 0.6500
3680.0000 80 53 0.6625
3681.0000 81 53 0.6543
3681.0000 81 54 0.6667
3682.0000 82 54 0.6585
3682.0000 82 55 0.6707
3683.0000 83 55 0.6627
3683.0000 83 56 0.6747
3684.0000 84 56 0.6667
3684.0000 84 57 0.6786
3685.0000 85 57 0.6706
3685.0000 85 58 0.6824
3686.0000 86 58 0.6744
3686.0000 86 59 0.6860
3687.0000 87 59 0.6782
3687.0000 87 60 0.6897
3688.0000 88 60 0.6818
3688.0000 88 61 0.6932
3689.0000 89 61 0.6854
3689.0000 89 62 0.6966
3690.0000 90 62 0.6889
3690.0000 90 63 0.7000
3691.0000 91 63 0.6923
3691.0000 91 64 0.7033
3692.0000 92 64 0.6957
3692.0000 92 65 0.7065
3693.0000 93 65 0.6989
3693.0000 93 66 0.7097
3694.0000 94 66 0.7021
3695.0000 95 66 0.6947
3696.0000 96 66 0.6875
3696.0000 96 67 0.6979
3697.0000 97 67 0.6907
3697.0000 97 68 0.7010
3698.0000 98 68 0.6939
3698.0000 98 69 0.7041
3699.0000 99 69 0.6970
3699.0000 99 70 0.7071
3700.0000 100 70 0.7000
3700.0000 100 71 0.7100
3701.0000 101 71 0.7030
3701.0000 101 72 0.7129
3702.0000 102 72 0.7059
3702.0000 102 73 0.7157
3703.0000 103 73 0.7087
3703.0000 103 74 0.7184
3704.0000 104 74 0.7115
3704.0000 104 75 0.7212
3705.0000 105 75 0.7143
3705.0000 105 76 0.7238
3706.0000 106 76 0.7170
3706.0000 106 77 0.7264
3707.0000 107 77 0.7196
3707.0000 107 78 0.7290
3708.0000 108 78 0.7222
3708.0000 108 79 0.7315
3709.0000 109 79 0.7248
3709.0000 109 80 0.7339
3710.0000 110 80 0.7273
3710.0000 110 81 0.7364
3711.0000 111 81 0.7297
3711.0000 111 82 0.7387
3712.0000 112 82 0.7321
3712.0000 112 83 0.7411
3713.0000 113 83 0.7345
3713.0000 113 84 0.7434
3714.0000 114 84 0.7368
3714.0000 114 85 0.7456
3715.0000 115 85 0.7391
3715.0000 115 86 0.7478
3716.0000 116 86 0.7414
3716.0000 116 87 0.7500
3717.0000 117 87 0.7436
3717.0000 117 88 0.7521
3718.0000 118 88 0.7458
3718.0000 118 89 0.7542
3719.0000 119 89 0.7479
3719.0000 119 90 0.7563
3720.0000 120 90 0.7500
3720.0000 120 91 0.7583
3721.0000 121 91 0.7521
3722.0000 122 91 0.7459
3723.0000 123 91 0.7398
3723.0000 123 92 0.7480
3724.0000 124 92 0.7419
3724.0000 124 93 0.7500
3725.0000 125 93 0.7440
3725.0000 125 94 0.7520
3726.0000 126 94 0.7460
3726.0000 126 95 0.7540
3727.0000 127 95 0.7480
3728.0000 128 95 0.7422
3729.0000 129 95 0.7364
3730.0000 130 95 0.7308
3730.0000 130 96 0.7385
3731.0000 131 96 0.7328
3731.0000 131 97 0.7405
3732.0000 132 97 0.7348
3732.0000 132 98 0.7424
3733.0000 133 98 0.7368
3733.0000 133 99 0.7444
3734.0000 134 99 0.7388
3734.0000 134 100 0.7463
3735.0000 135 100 0.7407
3735.0000 135 101 0.7481
3736.0000 136 101 0.7426
3737.0000 137 101 0.7372
3738.0000 138 101 0.7319
3739.0000 139 101 0.7266
3740.0000 140 101 0.7214
3741.0000 141 101 0.7163
3742.0000 142 101 0.7113
3742.0000 142 102 0.7183
3743.0000 143 102 0.7133
3744.0000 144 102 0.7083
3745.0000 145 102 0.7034
3745.0000 145 103 0.7103
3746.0000 146 103 0.7055
3746.0000 146 104 0.7123
3747.0000 147 104 0.7075
3747.0000 147 105 0.7143
3748.0000 148 105 0.7095
3749.0000 149 105 0.7047
3750.0000 150 105 0.7000
3751.0000 151 105 0.6954
3752.0000 152 105 0.6908
3753.0000 153 105 0.6863
3753.0000 153 106 0.6928
3754.0000 154 106 0.6883
3755.0000 155 106 0.6839
3755.0000 155 107 0.6903
3756.0000 156 107 0.6859
3756.0000 156 108 0.6923
3757.0000 157 108 0.6879
3757.0000 157 109 0.6943
3758.0000 158 109 0.6899
3758.0000 158 110 0.6962
3759.0000 159 110 0.6918
3760.0000 160 110 0.6875
3761.0000 161 110 0.6832
3762.0000 162 110 0.6790
3763.0000 163 110 0.6748
3763.0000 163 111 0.6810
3764.0000 164 111 0.6768
3765.0000 165 111 0.6727
3765.0000 165 112 0.6788
3766.0000 166 112 0.6747
3766.0000 166 113 0.6807
3767.0000 167 113 0.6766
3768.0000 168 113 0.6726
3768.0000 168 114 0.6786
3769.0000 169 114 0.6746
3769.0000 169 115 0.6805
3770.0000 170 115 0.6765
3770.0000 170 116 0.6824
3771.0000 171 116 0.6784
3771.0000 171 117 0.6842
3772.0000 172 117 0.6802
3773.0000 173 117 0.6763
3773.0000 173 118 0.6821
3774.0000 174 118 0.6782
3774.0000 174 119 0.6839
3775.0000 175 119 0.6800
3775.0000 175 120 0.6857
3776.0000 176 120 0.6818
3776.0000 176 121 0.6875
3777.0000 177 121 0.6836
3778.0000 178 121 0.6798
3779.0000 179 121 0.6760
3779.0000 179 122 0.6816
3780.0000 180 122 0.6778
3780.0000 180 123 0.6833
3781.0000 181 123 0.6796
3781.0000 181 124 0.6851
3782.0000 182 124 0.6813
3782.0000 182 125 0.6868
3783.0000 183 125 0.6831
3784.0000 184 125 0.6793
3785.0000 185 125 0.6757
3785.0000 185 126 0.6811
3786.0000 186 126 0.6774
3786.0000 186 127 0.6828
3787.0000 187 127 0.6791
3788.0000 188 127 0.6755
3789.0000 189 127 0.6720
3789.0000 189 128 0.6772
3790.0000 190 128 0.6737
3791.0000 191 128 0.6702
3791.0000 191 129 0.6754
3792.0000 192 129 0.6719
3793.0000 193 129 0.6684
3794.0000 194 129 0.6649
3794.0000 194 130 0.6701
3795.0000 195 130 0.6667
3796.0000 196 130 0.6633
3796.0000 196 131 0.6684
3797.0000 197 131 0.6650
3798.0000 198 131 0.6616
3799.0000 199 131 0.6583
3800.0000 200 131 0.6550
3801.0000 201 131 0.6517
3802.0000 202 131 0.6485
3803.0000 203 131 0.6453
3803.0000 203 132 0.6502
3804.0000 204 132 0.6471
3804.0000 204 133 0.6520
3805.0000 205 133 0.6488
3806.0000 206 133 0.6456
3806.0000 206 134 0.6505
3807.0000 207 134 0.6473
3807.0000 207 135 0.6522
3807.0000 207 136 0.6570
3808.0000 208 136 0.6538
3809.0000 209 136 0.6507
3809.0000 209 137 0.6555
3810.0000 210 137 0.6524
3811.0000 211 137 0.6493
3811.0000 211 138 0.6540
3812.0000 212 138 0.6509
3812.0000 212 139 0.6557
3812.0000 212 140 0.6604
3813.0000 213 140 0.6573
3813.0000 213 141 0.6620
3814.0000 214 141 0.6589
3814.0000 214 142 0.6636
3815.0000 215 142 0.6605
3815.0000 215 143 0.6651
3816.0000 216 143 0.6620
3816.0000 216 144 0.6667
3817.0000 217 144 0.6636
3818.0000 218 144 0.6606
3818.0000 218 145 0.6651
3818.0000 218 146 0.6697
3819.0000 219 146 0.6667
3820.0000 220 146 0.6636
3821.0000 221 146 0.6606
3821.0000 221 147 0.6652
3822.0000 222 147 0.6622
3823.0000 223 147 0.6592
3824.0000 224 147 0.6563
3825.0000 225 147 0.6533
3825.0000 225 148 0.6578
3826.0000 226 148 0.6549
3826.0000 226 149 0.6593
3827.0000 227 149 0.6564
3828.0000 228 149 0.6535
3829.0000 229 149 0.6507
3830.0000 230 149 0.6478
3830.0000 230 150 0.6522
3831.0000 231 150 0.6494
3832.0000 232 150 0.6466
3832.0000 232 151 0.6509
3833.0000 233 151 0.6481
3833.0000 233 152 0.6524
3833.0000 233 153 0.6567
3834.0000 234 153 0.6538
3834.0000 234 154 0.6581
3835.0000 235 154 0.6553
3835.0000 235 155 0.6596
3836.0000 236 155 0.6568
3836.0000 236 156 0.6610
3837.0000 237 156 0.6582
3837.0000 237 157 0.6624
3837.0000 237 158 0.6667
3838.0000 238 158 0.6639
3838.0000 238 159 0.6681
3839.0000 239 159 0.6653
3839.0000 239 160 0.6695
3840.0000 240 160 0.6667
3840.0000 240 161 0.6708
3841.0000 241 161 0.6680
3842.0000 242 161 0.6653
3843.0000 243 161 0.6626
3843.0000 243 162 0.6667
3844.0000 244 162 0.6639
3844.0000 244 163 0.6680
3845.0000 245 163 0.6653
3846.0000 246 163 0.6626
3846.0000 246 164 0.6667
3847.0000 247 164 0.6640
3847.0000 247 165 0.6680
3848.0000 248 165 0.6653
3849.0000 249 165 0.6627
3849.0000 249 166 0.6667
3850.0000 250 166 0.6640
3851.0000 251 166 0.6614
3852.0000 252 166 0.6587
3852.0000 252 167 0.6627
3853.0000 253 167 0.6601
3854.0000 254 167 0.6575
3854.0000 254 168 0.6614
3855.0000 255 168 0.6588
3855.0000 255 169 0.6627
3856.0000 256 169 0.6602
3857.0000 257 169 0.6576
3857.0000 257 170 0.6615
3858.0000 258 170 0.6589
3858.0000 258 171 0.6628
3859.0000 259 171 0.6602
3860.0000 260 171 0.6577
3861.0000 261 171 0.6552
3862.0000 262 171 0.6527
3862.0000 262 172 0.6565
3863.0000 263 172 0.6540
3863.0000 263 173 0.6578
3864.0000 264 173 0.6553
3865.0000 265 173 0.6528
3865.0000 265 174 0.6566
3866.0000 266 174 0.6541
3866.0000 266 175 0.6579
3867.0000 267 175 0.6554
3867.0000 267 176 0.6592
3868.0000 268 176 0.6567
3868.0000 268 177 0.6604
3869.0000 269 177 0.6580
3869.0000 269 178 0.6617
3870.0000 270 178 0.6593
3871.0000 271 178 0.6568
3871.0000 271 179 0.6605
3872.0000 272 179 0.6581
3873.0000 273 179 0.6557
3873.0000 273 180 0.6593
3874.0000 274 180 0.6569
3874.0000 274 181 0.6606
3875.0000 275 181 0.6582
3876.0000 276 181 0.6558
3876.0000 276 182 0.6594
3877.0000 277 182 0.6570
3878.0000 278 182 0.6547
3878.0000 278 183 0.6583
3879.0000 279 183 0.6559
3879.0000 279 184 0.6595
3880.0000 280 184 0.6571
3880.0000 280 185 0.6607
3881.0000 281 185 0.6584
3881.0000 281 186 0.6619
3882.0000 282 186 0.6596
3882.0000 282 187 0.6631
3883.0000 283 187 0.6608
3883.0000 283 188 0.6643
3884.0000 284 188 0.6620
3884.0000 284 189 0.6655
3885.0000 285 189 0.6632
3886.0000 286 189 0.6608
3887.0000 287 189 0.6585
3888.0000 288 189 0.6563
3888.0000 288 190 0.6597
3889.0000 289 190 0.6574
3890.0000 290 190 0.6552
3891.0000 291 190 0.6529
3892.0000 292 190 0.6507
3893.0000 293 190 0.6485
3894.0000 294 190 0.6463
3894.0000 294 191 0.6497
3895.0000 295 191 0.6475
3896.0000 296 191 0.6453
3896.0000 296 192 0.6486
3897.0000 297 192 0.6465
3897.0000 297 193 0.6498
3898.0000 298 193 0.6477
3898.0000 298 194 0.6510
3899.0000 299 194 0.6488
3899.0000 299 195 0.6522
3900.0000 300 195 0.6500
3900.0000 300 196 0.6533
3901.0000 301 196 0.6512
3901.0000 301 197 0.6545
3902.0000 302 197 0.6523
3902.0000 302 198 0.6556
3903.0000 303 198 0.6535
3903.0000 303 199 0.6568
3904.0000 304 199 0.6546
3905.0000 305 199 0.6525
3905.0000 305 200 0.6557
3906.0000 306 200 0.6536
3907.0000 307 200 0.6515
3907.0000 307 201 0.6547
3908.0000 308 201 0.6526
3908.0000 308 202 0.6558
3909.0000 309 202 0.6537
3910.0000 310 202 0.6516
3911.0000 311 202 0.6495
3912.0000 312 202 0.6474
3913.0000 313 202 0.6454
3913.0000 313 203 0.6486
3914.0000 314 203 0.6465
3914.0000 314 204 0.6497
3915.0000 315 204 0.6476
3915.0000 315 205 0.6508
3916.0000 316 205 0.6487
3917.0000 317 205 0.6467
3917.0000 317 206 0.6498
3918.0000 318 206 0.6478
3918.0000 318 207 0.6509
3919.0000 319 207 0.6489
3919.0000 319 208 0.6520
3920.0000 320 208 0.6500
3921.0000 321 208 0.6480
3922.0000 322 208 0.6460
3922.0000 322 209 0.6491
3923.0000 323 209 0.6471
3924.0000 324 209 0.6451
3925.0000 325 209 0.6431
3926.0000 326 209 0.6411
3926.0000 326 210 0.6442
3927.0000 327 210 0.6422
3928.0000 328 210 0.6402
3928.0000 328 211 0.6433
3928.0000 328 212 0.6463
3929.0000 329 212 0.6444
3929.0000 329 213 0.6474
3930.0000 330 213 0.6455
3931.0000 331 213 0.6435
3932.0000 332 213 0.6416
3932.0000 332 214 0.6446
3933.0000 333 214 0.6426
3933.0000 333 215 0.6456
3934.0000 334 215 0.6437
3934.0000 334 216 0.6467
3935.0000 335 216 0.6448
3935.0000 335 217 0.6478
3936.0000 336 217 0.6458
3936.0000 336 218 0.6488
3937.0000 337 218 0.6469
3938.0000 338 218 0.6450
3938.0000 338 219 0.6479
3939.0000 339 219 0.6460
3939.0000 339 220 0.6490
3940.0000 340 220 0.6471
3941.0000 341 220 0.6452
3941.0000 341 221 0.6481
3942.0000 342 221 0.6462
3943.0000 343 221 0.6443
3943.0000 343 222 0.6472
3944.0000 344 222 0.6453
3944.0000 344 223 0.6483
3945.0000 345 223 0.6464
3945.0000 345 224 0.6493
3946.0000 346 224 0.6474
3947.0000 347 224 0.6455
3948.0000 348 224 0.6437
3949.0000 349 224 0.6418
3949.0000 349 225 0.6447
3950.0000 350 225 0.6429
3951.0000 351 225 0.6410
3952.0000 352 225 0.6392
3953.0000 353 225 0.6374
3954.0000 354 225 0.6356
3955.0000 355 225 0.6338
3956.0000 356 225 0.6320
3957.0000 357 225 0.6303
3957.0000 357 226 0.6331
3958.0000 358 226 0.6313
3958.0000 358 227 0.6341
3959.0000 359 227 0.6323
3960.0000 360 227 0.6306
3961.0000 361 227 0.6288
3961.0000 361 228 0.6316
3962.0000 362 228 0.6298
3962.0000 362 229 0.6326
3962.0000 362 230 0.6354
3963.0000 363 230 0.6336
3963.0000 363 231 0.6364
3964.0000 364 231 0.6346
3965.0000 365 231 0.6329
3965.0000 365 232 0.6356
3966.0000 366 232 0.6339
3966.0000 366 233 0.6366
3967.0000 367 233 0.6349
3967.0000 367 234 0.6376
3968.0000 368 234 0.6359
3968.0000 368 235 0.6386
3969.0000 369 235 0.6369
3969.0000 369 236 0.6396
3970.0000 370 236 0.6378
3970.0000 370 237 0.6405
3971.0000 371 237 0.6388
3971.0000 371 238 0.6415
3972.0000 372 238 0.6398
3972.0000 372 239 0.6425
3973.0000 373 239 0.6408
3973.0000 373 240 0.6434
3974.0000 374 240 0.6417
3975.0000 375 240 0.6400
3975.0000 375 241 0.6427
3976.0000 376 241 0.6410
3976.0000 376 242 0.6436
3977.0000 376 243 0.6463
3979.0000 376 244 0.6489
3980.0000 376 245 0.6516
3981.0000 376 246 0.6543
3982.0000 376 247 0.6569
3983.0000 376 248 0.6596
3984.0000 376 249 0.6622
3985.0000 376 250 0.6649
4015.0000 376 251 0.6676
4021.0000 376 252 0.6702
4038.0000 376 253 0.6729
4924.0000 376 254 0.6755
5146.0000 376 255 0.6782
5147.0000 376 256 0.6809
5386.0000 376 257 0.6835
5387.0000 376 258 0.6862
5388.0000 376 259 0.6888
5389.0000 376 260 0.6915
5390.0000 376 261 0.6941
5391.0000 376 262 0.6968
5411.0000 376 263 0.6995
5526.0000 376 264 0.7021
5556.0000 376 265 0.7048
5564.0000 376 266 0.7074
5580.0000 376 267 0.7101
5581.0000 376 268 0.7128
5660.0000 376 269 0.7154
5710.0000 376 270 0.7181
5781.0000 376 271 0.7207
5790.0000 376 272 0.7234
5848.0000 376 273 0.7261
5874.0000 376 274 0.7287
5948.0000 376 275 0.7314
5948.0000 376 276 0.7340
5955.0000 376 277 0.7367
5957.0000 376 278 0.7394
6061.0000 376 279 0.7420
6062.0000 376 280 0.7447
6063.0000 376 281 0.7473
6086.0000 376 282 0.7500
6290.0000 376 283 0.7527
6291.0000 376 284 0.7553
6295.0000 376 285 0.7580
6328.0000 376 286 0.7606
6329.0000 376 287 0.7633
6338.0000 376 288 0.7660
6346.0000 376 289 0.7686
6363.0000 376 290 0.7713
6513.0000 376 291 0.7739
6566.0000 376 292 0.7766
6643.0000 376 293 0.7793
6644.0000 376 294 0.7819
6645.0000 376 295 0.7846
6646.0000 376 296 0.7872
6647.0000 376 297 0.7899
6648.0000 376 298 0.7926
6768.0000 376 299 0.7952
6810.0000 376 300 0.7979
6841.0000 376 301 0.8005
7390.0000 376 302 0.8032
7391.0000 376 303 0.8059
7392.0000 376 304 0.8085
7393.0000 376 305 0.8112
7394.0000 376 306 0.8138
7395.0000 376 307 0.8165
7541.0000 376 308 0.8191
7896.0000 376 309 0.8218
8035.0000 376 310 0.8245
8036.0000 376 311 0.8271
8037.0000 376 312 0.8298
8038.0000 376 313 0.8324
8039.0000 376 314 0.8351
8121.0000 376 315 0.8378
8371.0000 376 316 0.8404
8661.0000 376 317 0.8431
8936.0000 376 318 0.8457
9683.0000 376 319 0.8484
10086.0000 376 320 0.8511
10216.0000 376 321 0.8537
10234.0000 376 322 0.8564
10238.0000 376 323 0.8590
10294.0000 376 324 0.8617
10295.0000 376 325 0.8644
10296.0000 376 326 0.8670
10297.0000 376 327 0.8697
10352.0000 376 328 0.8723
10593.0000 376 329 0.8750
10991.0000 376 330 0.8777
10992.0000 376 331 0.8803
10993.0000 376 332 0.8830
10994.0000 376 333 0.8856
10995.0000 376 334 0.8883
10996.0000 376 335 0.8910
11078.0000 376 336 0.8936
11175.0000 376 337 0.8963
11392.0000 376 338 0.8989
11771.0000 376 339 0.9016
11772.0000 376 340 0.9043
11893.0000 376 341 0.9069
11965.0000 376 342 0.9096
12494.0000 376 343 0.9122
12612.0000 376 344 0.9149
12824.0000 376 345 0.9176
13323.0000 376 346 0.9202
13373.0000 376 347 0.9229
13508.0000 376 348 0.9255
13509.0000 376 349 0.9282
13510.0000 376 350 0.9309
13511.0000 376 351 0.9335
13512.0000 376 352 0.9362
13513.0000 376 353 0.9388
13514.0000 376 354 0.9415
13515.0000 376 355 0.9441
13516.0000 376 356 0.9468
13620.0000 376 357 0.9495
13645.0000 376 358 0.9521
13655.0000 376 359 0.9548
14038.0000 376 360 0.9574
14221.0000 376 361 0.9601
14222.0000 376 362 0.9628
14223.0000 376 363 0.9654
14224.0000 376 364 0.9681
14225.0000 376 365 0.9707
14226.0000 376 366 0.9734
14227.0000 376 367 0.9761
14228.0000 376 368 0.9787
14229.0000 376 369 0.9814
14230.0000 376 370 0.9840
14231.0000 376 371 0.9867
14232.0000 376 372 0.9894
14503.0000 376 373 0.9920
14582.0000 376 374 0.9947
14586.0000 376 375 0.9973
14774.0000 376 376 1.0000
