# time  created  delivered  delivered/created
3601.0000 1 0 0.0000
3602.0000 2 0 0.0000
3603.0000 3 0 0.0000
3604.0000 4 0 0.0000
3604.0000 4 1 0.2500
3605.0000 5 1 0.2000
3605.0000 5 2 0.4000
3606.0000 6 2 0.3333
3606.0000 6 3 0.5000
3607.0000 7 3 0.4286
3607.0000 7 4 0.5714
3608.0000 8 4 0.5000
3608.0000 8 5 0.6250
3609.0000 9 5 0.5556
3609.0000 9 6 0.6667
3610.0000 10 6 0.6000
3610.0000 10 7 0.7000
3611.0000 11 7 0.6364
3611.0000 11 8 0.7273
3612.0000 12 8 0.6667
3613.0000 13 8 0.6154
3613.0000 13 9 0.6923
3614.0000 14 9 0.6429
3615.0000 15 9 0.6000
3615.0000 15 10 0.6667
3616.0000 16 10 0.6250
3616.0000 16 11 0.6875
3617.0000 17 11 0.6471
3618.0000 18 11 0.6111
3618.0000 18 12 0.6667
3619.0000 19 12 0.6316
3620.0000 20 12 0.6000
3621.0000 21 12 0.5714
3621.0000 21 13 0.6190
3622.0000 22 13 0.5909
3622.0000 22 14 0.6364
3623.0000 23 14 0.6087
3623.0000 23 15 0.6522
3624.0000 24 15 0.6250
3624.0000 24 16 0.6667
3625.0000 25 16 0.6400
3626.0000 26 16 0.6154
3626.0000 26 17 0.6538
3627.0000 27 17 0.6296
3628.0000 28 17 0.6071
3629.0000 29 17 0.5862
3630.0000 30 17 0.5667
3630.0000 30 18 0.6000
3631.0000 31 18 0.5806
3631.0000 31 19 0.6129
3632.0000 32 19 0.5938
3632.0000 32 20 0.6250
3633.0000 33 20 0.6061
3633.0000 33 21 0.6364
3634.0000 34 21 0.6176
3634.0000 34 22 0.6471
3635.0000 35 22 0.6286
3636.0000 36 22 0.6111
3636.0000 36 23 0.6389
3637.0000 37 23 0.6216
3637.0000 37 24 0.6486
3638.0000 38 24 0.6316
3639.0000 39 24 0.6154
3640.0000 40 24 0.6000
3640.0000 40 25 0.6250
3641.0000 41 25 0.6098
3641.0000 41 26 0.6341
3642.0000 42 26 0.6190
3642.0000 42 27 0.6429
3642.0000 42 28 0.6667
3643.0000 43 28 0.6512
3643.0000 43 29 0.6744
3644.0000 44 29 0.6591
3644.0000 44 30 0.6818
3645.0000 45 30 0.6667
3645.0000 45 31 0.6889
3645.0000 45 32 0.7111
3646.0000 46 32 0.6957
3646.0000 46 33 0.7174
3647.0000 47 33 0.7021
3647.0000 47 34 0.7234
3648.0000 48 34 0.7083
3649.0000 49 34 0.6939
3650.0000 50 34 0.6800
3651.0000 51 34 0.6667
3652.0000 52 34 0.6538
3653.0000 53 34 0.6415
3653.0000 53 35 0.6604
3654.0000 54 35 0.6481
3655.0000 55 35 0.6364
3655.0000 55 36 0.6545
3656.0000 56 36 0.6429
3657.0000 57 36 0.6316
3658.0000 58 36 0.6207
3659.0000 59 36 0.6102
3659.0000 59 37 0.6271
3660.0000 60 37 0.6167
3660.0000 60 38 0.6333
3661.0000 61 38 0.6230
3661.0000 61 39 0.6393
3662.0000 62 39 0.6290
3662.0000 62 40 0.6452
3663.0000 63 40 0.6349
3663.0000 63 41 0.6508
3664.0000 64 41 0.6406
3664.0000 64 42 0.6563
3665.0000 65 42 0.6462
3666.0000 66 42 0.6364
3666.0000 66 43 0.6515
3667.0000 67 43 0.6418
3667.0000 67 44 0.6567
3668.0000 68 44 0.6471
3668.0000 68 45 0.6618
3669.0000 69 45 0.6522
3669.0000 69 46 0.6667
3670.0000 70 46 0.6571
3671.0000 71 46 0.6479
3672.0000 72 46 0.6389
3672.0000 72 47 0.6528
3673.0000 73 47 0.6438
3673.0000 73 48 0.6575
3674.0000 74 48 0.6486
3674.0000 74 49 0.6622
3675.0000 75 49 0.6533
3675.0000 75 50 0.6667
3676.0000 76 50 0.6579
3677.0000 77 50 0.6494
3678.0000 78 50 0.6410
3679.0000 79 50 0.6329
3679.0000 79 51 0.6456
3680.0000 80 51 0.6375
3681.0000 81 51 0.6296
3681.0000 81 52 0.6420
3682.0000 82 52 0.6341
3682.0000 82 53 0.6463
3683.0000 83 53 0.6386
3683.0000 83 54 0.6506
3684.0000 84 54 0.6429
3684.0000 84 55 0.6548
3685.0000 85 55 0.6471
3685.0000 85 56 0.6588
3686.0000 86 56 0.6512
3686.0000 86 57 0.6628
3687.0000 87 57 0.6552
3687.0000 87 58 0.6667
3687.0000 87 59 0.6782
3688.0000 88 59 0.6705
3688.0000 88 60 0.6818
3689.0000 89 60 0.6742
3689.0000 89 61 0.6854
3690.0000 90 61 0.6778
3690.0000 90 62 0.6889
3691.0000 91 62 0.6813
3692.0000 92 62 0.6739
3692.0000 92 63 0.6848
3693.0000 93 63 0.6774
3693.0000 93 64 0.6882
3694.0000 94 64 0.6809
3695.0000 95 64 0.6737
3696.0000 96 64 0.6667
3696.0000 96 65 0.6771
3697.0000 97 65 0.6701
3698.0000 98 65 0.6633
3699.0000 99 65 0.6566
3700.0000 100 65 0.6500
3701.0000 101 65 0.6436
3702.0000 102 65 0.6373
3702.0000 102 66 0.6471
3703.0000 103 66 0.6408
3703.0000 103 67 0.6505
3704.0000 104 67 0.6442
3704.0000 104 68 0.6538
3704.0000 104 69 0.6635
3705.0000 105 69 0.6571
3705.0000 105 70 0.6667
3706.0000 106 70 0.6604
3706.0000 106 71 0.6698
3707.0000 107 71 0.6636
3707.0000 107 72 0.6729
3707.0000 107 73 0.6822
3708.0000 108 73 0.6759
3708.0000 108 74 0.6852
3709.0000 109 74 0.6789
3709.0000 109 75 0.6881
3710.0000 110 75 0.6818
3710.0000 110 76 0.6909
3711.0000 111 76 0.6847
3711.0000 111 77 0.6937
3712.0000 112 77 0.6875
3712.0000 112 78 0.6964
3713.0000 113 78 0.6903
3713.0000 113 79 0.6991
3714.0000 114 79 0.6930
3715.0000 115 79 0.6870
3716.0000 116 79 0.6810
3717.0000 117 79 0.6752
3718.0000 118 79 0.6695
3719.0000 119 79 0.6639
3719.0000 119 80 0.6723
3720.0000 120 80 0.6667
3721.0000 121 80 0.6612
3722.0000 122 80 0.6557
3722.0000 122 81 0.6639
3723.0000 123 81 0.6585
3723.0000 123 82 0.6667
3724.0000 124 82 0.6613
3724.0000 124 83 0.6694
3725.0000 125 83 0.6640
3725.0000 125 84 0.6720
3726.0000 126 84 0.6667
3726.0000 126 85 0.6746
3727.0000 127 85 0.6693
3727.0000 127 86 0.6772
3728.0000 128 86 0.6719
3728.0000 128 87 0.6797
3729.0000 129 87 0.6744
3729.0000 129 88 0.6822
3730.0000 130 88 0.6769
3730.0000 130 89 0.6846
3731.0000 131 89 0.6794
3731.0000 131 90 0.6870
3732.0000 132 90 0.6818
3732.0000 132 91 0.6894
3733.0000 133 91 0.6842
3733.0000 133 92 0.6917
3734.0000 134 92 0.6866
3734.0000 134 93 0.6940
3735.0000 135 93 0.6889
3736.0000 136 93 0.6838
3737.0000 137 93 0.6788
3738.0000 138 93 0.6739
3739.0000 139 93 0.6691
3739.0000 139 94 0.6763
3740.0000 140 94 0.6714
3740.0000 140 95 0.6786
3741.0000 141 95 0.6738
3742.0000 142 95 0.6690
3742.0000 142 96 0.6761
3743.0000 143 96 0.6713
3744.0000 144 96 0.6667
3744.0000 144 97 0.6736
3745.0000 145 97 0.6690
3746.0000 146 97 0.6644
3746.0000 146 98 0.6712
3747.0000 147 98 0.6667
3748.0000 148 98 0.6622
3748.0000 148 99 0.6689
3749.0000 149 99 0.6644
3749.0000 149 100 0.6711
3750.0000 150 100 0.6667
3750.0000 150 101 0.6733
3751.0000 151 101 0.6689
3751.0000 151 102 0.6755
3752.0000 152 102 0.6711
3752.0000 152 103 0.6776
3753.0000 153 103 0.6732
3754.0000 154 103 0.6688
3754.0000 154 104 0.6753
3755.0000 155 104 0.6710
3756.0000 156 104 0.6667
3756.0000 156 105 0.6731
3757.0000 157 105 0.6688
3757.0000 157 106 0.6752
3758.0000 158 106 0.6709
3759.0000 159 106 0.6667
3759.0000 159 107 0.6730
3760.0000 160 107 0.6688
3761.0000 161 107 0.6646
3762.0000 162 107 0.6605
3763.0000 163 107 0.6564
3763.0000 163 108 0.6626
3764.0000 164 108 0.6585
3765.0000 165 108 0.6545
3766.0000 166 108 0.6506
3766.0000 166 109 0.6566
3767.0000 167 109 0.6527
3767.0000 167 110 0.6587
3768.0000 168 110 0.6548
3768.0000 168 111 0.6607
3769.0000 169 111 0.6568
3769.0000 169 112 0.6627
3770.0000 170 112 0.6588
3770.0000 170 113 0.6647
3771.0000 171 113 0.6608
3771.0000 171 114 0.6667
3772.0000 172 114 0.6628
3772.0000 172 115 0.6686
3773.0000 173 115 0.6647
3773.0000 173 116 0.6705
3774.0000 174 116 0.6667
3774.0000 174 117 0.6724
3775.0000 175 117 0.6686
3775.0000 175 118 0.6743
3776.0000 176 118 0.6705
3776.0000 176 119 0.6761
3777.0000 177 119 0.6723
3777.0000 177 120 0.6780
3778.0000 178 120 0.6742
3779.0000 179 120 0.6704
3779.0000 179 121 0.6760
3780.0000 180 121 0.6722
3781.0000 181 121 0.6685
3781.0000 181 122 0.6740
3782.0000 182 122 0.6703
3782.0000 182 123 0.6758
3783.0000 183 123 0.6721
3783.0000 183 124 0.6776
3784.0000 184 124 0.6739
3785.0000 185 124 0.6703
3786.0000 186 124 0.6667
3786.0000 186 125 0.6720
3787.0000 187 125 0.6684
3787.0000 187 126 0.6738
3788.0000 188 126 0.6702
3788.0000 188 127 0.6755
3789.0000 189 127 0.6720
3789.0000 189 128 0.6772
3790.0000 190 128 0.6737
3790.0000 190 129 0.6789
3791.0000 191 129 0.6754
3792.0000 192 129 0.6719
3793.0000 193 129 0.6684
3793.0000 193 130 0.6736
3794.0000 194 130 0.6701
3794.0000 194 131 0.6753
3795.0000 195 131 0.6718
3795.0000 195 132 0.6769
3796.0000 196 132 0.6735
3796.0000 196 133 0.6786
3797.0000 197 133 0.6751
3797.0000 197 134 0.6802
3798.0000 198 134 0.6768
3798.0000 198 135 0.6818
3799.0000 199 135 0.6784
3799.0000 199 136 0.6834
3800.0000 200 136 0.6800
3800.0000 200 137 0.6850
3801.0000 201 137 0.6816
3801.0000 201 138 0.6866
3802.0000 202 138 0.6832
3802.0000 202 139 0.6881
3803.0000 203 139 0.6847
3803.0000 203 140 0.6897
3804.0000 204 140 0.6863
3804.0000 204 141 0.6912
3805.0000 205 141 0.6878
3805.0000 205 142 0.6927
3806.0000 206 142 0.6893
3806.0000 206 143 0.6942
3807.0000 207 143 0.6908
3807.0000 207 144 0.6957
3808.0000 208 144 0.6923
3808.0000 208 145 0.6971
3809.0000 209 145 0.6938
3809.0000 209 146 0.6986
3810.0000 210 146 0.6952
3810.0000 210 147 0.7000
3811.0000 211 147 0.6967
3811.0000 211 148 0.7014
3812.0000 212 148 0.6981
3812.0000 212 149 0.7028
3813.0000 213 149 0.6995
3813.0000 213 150 0.7042
3814.0000 214 150 0.7009
3814.0000 214 151 0.7056
3815.0000 215 151 0.7023
3815.0000 215 152 0.7070
3816.0000 216 152 0.7037
3816.0000 216 153 0.7083
3817.0000 217 153 0.7051
3817.0000 217 154 0.7097
3818.0000 218 154 0.7064
3818.0000 218 155 0.7110
3819.0000 219 155 0.7078
3819.0000 219 156 0.7123
3820.0000 220 156 0.7091
3820.0000 220 157 0.7136
3821.0000 221 157 0.7104
3821.0000 221 158 0.7149
3822.0000 222 158 0.7117
3822.0000 222 159 0.7162
3823.0000 223 159 0.7130
3823.0000 223 160 0.7175
3824.0000 224 160 0.7143
3824.0000 224 161 0.7188
3825.0000 225 161 0.7156
3825.0000 225 162 0.7200
3826.0000 226 162 0.7168
3826.0000 226 163 0.7212
3827.0000 227 163 0.7181
3827.0000 227 164 0.7225
3828.0000 228 164 0.7193
3828.0000 228 165 0.7237
3829.0000 229 165 0.7205
3829.0000 229 166 0.7249
3830.0000 230 166 0.7217
3830.0000 230 167 0.7261
3831.0000 231 167 0.7229
3831.0000 231 168 0.7273
3832.0000 232 168 0.7241
3832.0000 232 169 0.7284
3833.0000 233 169 0.7253
3833.0000 233 170 0.7296
3834.0000 234 170 0.7265
3835.0000 235 170 0.7234
3835.0000 235 171 0.7277
3836.0000 236 171 0.7246
3837.0000 237 171 0.7215
3837.0000 237 172 0.7257
3838.0000 238 172 0.7227
3839.0000 239 172 0.7197
3839.0000 239 173 0.7238
3840.0000 240 173 0.7208
3841.0000 241 173 0.7178
3841.0000 241 174 0.7220
3842.0000 242 174 0.7190
3843.0000 243 174 0.7160
3844.0000 244 174 0.7131
3844.0000 244 175 0.7172
3845.0000 245 175 0.7143
3845.0000 245 176 0.7184
3846.0000 246 176 0.7154
3846.0000 246 177 0.7195
3847.0000 247 177 0.7166
3847.0000 247 178 0.7206
3848.0000 248 178 0.7177
3849.0000 249 178 0.7149
3850.0000 250 178 0.7120
3851.0000 251 178 0.7092
3852.0000 252 178 0.7063
3853.0000 253 178 0.7036
3854.0000 254 178 0.7008
3854.0000 254 179 0.7047
3855.0000 255 179 0.7020
3855.0000 255 180 0.7059
3856.0000 256 180 0.7031
3856.0000 256 181 0.7070
3857.0000 257 181 0.7043
3857.0000 257 182 0.7082
3858.0000 258 182 0.7054
3858.0000 258 183 0.7093
3859.0000 259 183 0.7066
3860.0000 260 183 0.7038
3861.0000 261 183 0.7011
3862.0000 262 183 0.6985
3862.0000 262 184 0.7023
3863.0000 263 184 0.6996
3863.0000 263 185 0.7034
3864.0000 264 185 0.7008
3864.0000 264 186 0.7045
3865.0000 265 186 0.7019
3865.0000 265 187 0.7057
3866.0000 266 187 0.7030
3866.0000 266 188 0.7068
3867.0000 267 188 0.7041
3868.0000 268 188 0.7015
3868.0000 268 189 0.7052
3869.0000 269 189 0.7026
3870.0000 270 189 0.7000
3870.0000 270 190 0.7037
3871.0000 271 190 0.7011
3871.0000 271 191 0.7048
3872.0000 272 191 0.7022
3873.0000 273 191 0.6996
3873.0000 273 192 0.7033
3874.0000 274 192 0.7007
3875.0000 275 192 0.6982
3875.0000 275 193 0.7018
3876.0000 276 193 0.6993
3877.0000 277 193 0.6968
3878.0000 278 193 0.6942
3878.0000 278 194 0.6978
3879.0000 279 194 0.6953
3880.0000 280 194 0.6929
3881.0000 281 194 0.6904
3881.0000 281 195 0.6940
3882.0000 282 195 0.6915
3882.0000 282 196 0.6950
3883.0000 283 196 0.6926
3883.0000 283 197 0.6961
3884.0000 284 197 0.6937
3885.0000 285 197 0.6912
3886.0000 286 197 0.6888
3887.0000 287 197 0.6864
3888.0000 288 197 0.6840
3888.0000 288 198 0.6875
3889.0000 289 198 0.6851
3890.0000 290 198 0.6828
3890.0000 290 199 0.6862
3891.0000 291 199 0.6838
3892.0000 292 199 0.6815
3892.0000 292 200 0.6849
3893.0000 293 200 0.6826
3893.0000 293 201 0.6860
3894.0000 294 201 0.6837
3895.0000 295 201 0.6814
3895.0000 295 202 0.6847
3896.0000 296 202 0.6824
3897.0000 297 202 0.6801
3898.0000 298 202 0.6779
3899.0000 299 202 0.6756
3900.0000 300 202 0.6733
3900.0000 300 203 0.6767
3901.0000 301 203 0.6744
3901.0000 301 204 0.6777
3902.0000 302 204 0.6755
3902.0000 302 205 0.6788
3903.0000 303 205 0.6766
3903.0000 303 206 0.6799
3904.0000 304 206 0.6776
3905.0000 305 206 0.6754
3906.0000 306 206 0.6732
3907.0000 307 206 0.6710
3907.0000 307 207 0.6743
3908.0000 308 207 0.6721
3909.0000 309 207 0.6699
3910.0000 310 207 0.6677
3910.0000 310 208 0.6710
3911.0000 311 208 0.6688
3912.0000 312 208 0.6667
3913.0000 313 208 0.6645
3913.0000 313 209 0.6677
3914.0000 314 209 0.6656
3915.0000 315 209 0.6635
3916.0000 316 209 0.6614
3917.0000 317 209 0.6593
3918.0000 318 209 0.6572
3919.0000 319 209 0.6552
3920.0000 320 209 0.6531
3920.0000 320 210 0.6563
3921.0000 321 210 0.6542
3921.0000 321 211 0.6573
3922.0000 322 211 0.6553
3923.0000 323 211 0.6533
3923.0000 323 212 0.6563
3924.0000 324 212 0.6543
3924.0000 324 213 0.6574
3925.0000 325 213 0.6554
3926.0000 326 213 0.6534
3926.0000 326 214 0.6564
3927.0000 327 214 0.6544
3928.0000 328 214 0.6524
3928.0000 328 215 0.6555
3929.0000 329 215 0.6535
3930.0000 330 215 0.6515
3930.0000 330 216 0.6545
3931.0000 331 216 0.6526
3932.0000 332 216 0.6506
3933.0000 333 216 0.6486
3934.0000 334 216 0.6467
3934.0000 334 217 0.6497
3935.0000 335 217 0.6478
3935.0000 335 218 0.6507
3936.0000 336 218 0.6488
3936.0000 336 219 0.6518
3937.0000 337 219 0.6499
3938.0000 338 219 0.6479
3939.0000 339 219 0.6460
3940.0000 340 219 0.6441
3941.0000 341 219 0.6422
3942.0000 342 219 0.6404
3943.0000 343 219 0.6385
3943.0000 343 220 0.6414
3944.0000 344 220 0.6395
3945.0000 345 220 0.6377
3946.0000 346 220 0.6358
3947.0000 347 220 0.6340
3948.0000 348 220 0.6322
3949.0000 349 220 0.6304
3949.0000 349 221 0.6332
3950.0000 350 221 0.6314
3951.0000 351 221 0.6296
3951.0000 351 222 0.6325
3952.0000 352 222 0.6307
3952.0000 352 223 0.6335
3953.0000 353 223 0.6317
3953.0000 353 224 0.6346
3954.0000 354 224 0.6328
3955.0000 355 224 0.6310
3956.0000 356 224 0.6292
3957.0000 357 224 0.6275
3958.0000 358 224 0.6257
3958.0000 358 225 0.6285
3959.0000 359 225 0.6267
3960.0000 360 225 0.6250
3960.0000 360 226 0.6278
3961.0000 361 226 0.6260
3961.0000 361 227 0.6288
3962.0000 362 227 0.6271
3962.0000 362 228 0.6298
3963.0000 363 228 0.6281
3964.0000 364 228 0.6264
3965.0000 365 228 0.6247
3966.0000 366 228 0.6230
3966.0000 366 229 0.6257
3967.0000 367 229 0.6240
3967.0000 367 230 0.6267
3968.0000 368 230 0.6250
3968.0000 368 231 0.6277
3969.0000 369 231 0.6260
3969.0000 369 232 0.6287
3970.0000 370 232 0.6270
3970.0000 370 233 0.6297
3971.0000 371 233 0.6280
3971.0000 371 234 0.6307
3972.0000 372 234 0.6290
3972.0000 372 235 0.6317
3973.0000 373 235 0.6300
3973.0000 373 236 0.6327
3974.0000 374 236 0.6310
3974.0000 374 237 0.6337
3975.0000 375 237 0.6320
3975.0000 375 238 0.6347
3976.0000 376 238 0.6330
3976.0000 376 239 0.6356
3977.0000 376 240 0.6383
3978.0000 376 241 0.6410
3979.0000 376 242 0.6436
3980.0000 376 243 0.6463
3981.0000 376 244 0.6489
3997.0000 376 245 0.6516
3999.0000 376 246 0.6543
4011.0000 376 247 0.6569
4018.0000 376 248 0.6596
4021.0000 376 249 0.6622
4023.0000 376 250 0.6649
4031.0000 376 251 0.6676
4053.0000 376 252 0.6702
4055.0000 376 253 0.6729
4922.0000 376 254 0.6755
5187.0000 376 255 0.6782
5196.0000 376 256 0.6809
5363.0000 376 257 0.6835
5372.0000 376 258 0.6862
5384.0000 376 259 0.6888
5385.0000 376 260 0.6915
5386.0000 376 261 0.6941
5387.0000 376 262 0.6968
5388.0000 376 263 0.6995
5417.0000 376 264 0.7021
5420.0000 376 265 0.7048
5552.0000 376 266 0.7074
5553.0000 376 267 0.7101
5607.0000 376 268 0.7128
5608.0000 376 269 0.7154
5608.0000 376 270 0.7181
5643.0000 376 271 0.7207
5656.0000 376 272 0.7234
5657.0000 376 273 0.7261
5731.0000 376 274 0.7287
5732.0000 376 275 0.7314
5733.0000 376 276 0.7340
5871.0000 376 277 0.7367
6059.0000 376 278 0.7394
6060.0000 376 279 0.7420
6114.0000 376 280 0.7447
6114.0000 376 281 0.7473
6130.0000 376 282 0.7500
6183.0000 376 283 0.7527
6204.0000 376 284 0.7553
6205.0000 376 285 0.7580
6288.0000 376 286 0.7606
6294.0000 376 287 0.7633
6305.0000 376 288 0.7660
6512.0000 376 289 0.7686
6564.0000 376 290 0.7713
6641.0000 376 291 0.7739
6665.0000 376 292 0.7766
6666.0000 376 293 0.7793
6667.0000 376 294 0.7819
6668.0000 376 295 0.7846
6775.0000 376 296 0.7872
7388.0000 376 297 0.7899
7389.0000 376 298 0.7926
7390.0000 376 299 0.7952
7391.0000 376 300 0.7979
7392.0000 376 301 0.8005
7393.0000 376 302 0.8032
7394.0000 376 303 0.8059
7395.0000 376 304 0.8085
7396.0000 376 305 0.8112
7397.0000 376 306 0.8138
7617.0000 376 307 0.8165
7618.0000 376 308 0.8191
7649.0000 376 309 0.8218
7992.0000 376 310 0.8245
8033.0000 376 311 0.8271
8034.0000 376 312 0.8298
8035.0000 376 313 0.8324
8036.0000 376 314 0.8351
8312.0000 376 315 0.8378
8660.0000 376 316 0.8404
8935.0000 376 317 0.8431
9443.0000 376 318 0.8457
9444.0000 376 319 0.8484
9979.0000 376 320 0.8511
10066.0000 376 321 0.8537
10215.0000 376 322 0.8564
10233.0000 376 323 0.8590
10237.0000 376 324 0.8617
10257.0000 376 325 0.8644
10292.0000 376 326 0.8670
10293.0000 376 327 0.8697
10294.0000 376 328 0.8723
10295.0000 376 329 0.8750
10296.0000 376 330 0.8777
11324.0000 376 331 0.8803
11390.0000 376 332 0.8830
11391.0000 376 333 0.8856
11392.0000 376 334 0.8883
11393.0000 376 335 0.8910
11394.0000 376 336 0.8936
11395.0000 376 337 0.8963
11770.0000 376 338 0.8989
11801.0000 376 339 0.9016
11891.0000 376 340 0.9043
11964.0000 376 341 0.9069
12591.0000 376 342 0.9096
12592.0000 376 343 0.9122
12758.0000 376 344 0.9149
12878.0000 376 345 0.9176
13005.0000 376 346 0.9202
13277.0000 376 347 0.9229
13627.0000 376 348 0.9255
13654.0000 376 349 0.9282
13719.0000 376 350 0.9309
14037.0000 376 351 0.9335
14278.0000 376 352 0.9362
14279.0000 376 353 0.9388
14280.0000 376 354 0.9415
14281.0000 376 355 0.9441
14404.0000 376 356 0.9468
14405.0000 376 357 0.9495
14406.0000 376 358 0.9521
14407.0000 376 359 0.9548
14408.0000 376 360 0.9574
14409.0000 376 361 0.9601
14410.0000 376 362 0.9628
14411.0000 376 363 0.9654
14440.0000 376 364 0.9681
14448.0000 376 365 0.9707
14449.0000 376 366 0.9734
14449.0000 376 367 0.9761
14450.0000 376 368 0.9787
14451.0000 376 369 0.9814
14455.0000 376 370 0.9840
14490.0000 376 371 0.9867
14494.0000 376 372 0.9894
14502.0000 376 373 0.9920
14513.0000 376 374 0.9947
14522.0000 376 375 0.9973
14614.0000 376 376 1.0000
